0.3693029153523483
0.25782226833086774
-0.01879907606554465
0.1701954558659849
0.34447237103137435
0.23576014019027625
-0.02689052100700093
0.17199273640125917
0.004192109875567278
0.282441183241676
-0.5928441369113822
-0.7013920242607943
-0.35360633751345344
0.07769662923458678
-0.23157562041975277
0.03193700407380811
0.29483730116297296
0.35771780285538174
0.29391573018444717
0.5584391674203315
0.5603732511873928
0.49618644718566024
0.6988884669541783
0.7423804953885609
0.8242522430820124
0.7168670623370074
0.8506986570793568
0.453429850536686
0.3730988296633112
0.25591165284343836
0.17343738637201994
0.5402411902316807
0.4903126762890234
0.5417084151917192
0.4725741176883035
0.24340063411036317
0.572385612789714
0.3649487736526379
0.40157553715671407
0.4832040367621689
0.5472314048386258
0.8557843845533359
0.6961704413088999
0.3701304452969002
0.3806311973355271
0.05961399397766171
0.3963450148691031
0.53978613175356
0.5214189157659953
0.4344577137073
0.1571224313053245
0.05958319818027084
-0.12399261838875016
0.2708657271360159
0.10509403071942677
0.27537232428256925
0.2492927698761917
0.11129312214073231
0.6462313336218948
0.6389720131203914
0.6011320475390678
0.0341041563814662
-0.00425123577977574
0.008648526554625686
0.1984418950912521
-0.1346158488835373
-0.07095988621842649
-0.3007644763488674
-0.42048043194121093
-0.3708016644437664
-0.024149046587952694
-0.32621886042053744
0.015267525102131085
-0.05575345731412527
0.4332823401929628
-0.16812516126219132
0.12093095985053688
0.46756871111668846
0.6315143618246685
0.5154708025016609
0.5373952305269908
0.769845079634045
0.6986901434454837
0.3949483523788376
0.7967437755938247
0.9772818193887259
1.0435210862071291
0.9297713515005347
0.89658487751389
0.9778114612836132
1.0778614494877095
0.9265167324063385
0.6925714479043743
0.7949324760274962
0.1330859263751532
0.32230964763515013
0.5087557941073574
0.6203332943887324
0.6432997681008973
0.6036684245271257
0.7126034870670572
0.6826188748898149
0.7822609021242322
0.5538464560900299
0.7199920664999538
0.8897904128594384
1.0595954452753449
1.0820990789284202
1.0448742168040082
0.8505602508417036
0.841493957523161
0.7617432932878527
0.9929547438698793
-0.16975561709699236
-0.5341128291970569
-0.498334568197798
-0.37802683113607255
-0.29888623653698315
-0.06980398280416492
0.16242183616084935
0.21837935864654426
-0.02031209735716764
-0.32211523240753426
0.2147470372596644
0.12637738264952375
0.20163120530875459
0.4390370105550142
0.6143410192011756
0.8027579602829672
0.5286352017260435
0.9561091116191613
1.1840850034834933
1.1183932191387485
1.0270704723788193
1.0609809535437857
1.2368558693438925
0.8432469463872884
0.6794578259978294
1.1139782793809074
0.7776464279507156
0.9327957771756284
-0.8997008074668084
-1.2471000521190343
0.30436608069930254
0.7577198873373322
-1.2132787217004108
0.6066220308500803
0.22852781815417675
0.6883833929212754
-2.275424671704125
-2.41289697325297
-1.464944185115293
-1.0634513916585298
-1.8221547677183938
-1.6539407403177577
-2.3798995773259786
-1.9589490258147195
-1.6948659444590854
-1.6021232871121105
-2.253901105488569
-2.653047619887126
-1.7815754277758917
-0.7717224250441143
-0.17640714163439955
-0.15713186506883048
0.28602170489202333
0.619511381170615
0.5354207497817922
0.8105092383026943
0.8367542005402313
1.0313688574211246
0.8275943962017301
0.42066136276486726
0.9378178822583229
1.2080386978576048
1.0241395005835974
0.9708621996732362
1.2377965847553511
0.5625275422126688
1.0088878583375076
0.7405150115117938
0.977083262460965
1.0561615702656597
-0.029536563687178243
0.6411484050455698
0.8054649737287507
0.9273702204407511
0.10596148286078558
0.6039941241559538
0.5040156484028216
0.6369537080555769
0.9226510744011306
0.7816323291686599
0.4948233035706111
0.6273209210189874
0.23588616643942012
0.04304664094793824
0.28802809669736235
-0.8524348901837452
0.10180773050195446
-0.28395276880467035
0.15351915793699253
0.3016133462224731
-0.36480767322157676
-0.42006172555383525
0.04522139093891787
-0.2519567042388952
-0.10045706726673935
-0.523989212853907
-0.9354206765930504
-2.2921546162695248
-1.1021639919992539
-0.27928717886357834
0.129375450842241
-0.1656109590590668
0.26743112377430117
0.3599544745927025
0.440940046158684
0.5134300468898503
0.3987851879181909
0.6312329896718227
0.841958508811917
-0.14129815098213497
-2.40745513721103
-0.5166545490990414
0.38621699222313116
0.16983322488626193
0.7946112140449013
0.439168246287324
0.011166683110077184
-0.07163636288004491
-1.0592409463298422
-2.0051278803005492
-1.628411853727687
-0.9066890741333568
-0.7321305856821343
-0.7491291753379604
0.013959906793690262
-0.030418801325857576
0.009911879027871554
0.28802297271576155
0.42071539885355114
-0.6917630816121181
-1.9603127622499363
-2.1338983380565453
-1.1566298425138488
-0.9196384393468503
-0.5105942584016703
-0.6714636957587856
-0.27056071565644285
0.3537495183541267
0.7123114898075791
0.10847848282317755
0.22010887009587038
-0.9887843444769423
-0.04164985422078339
0.15998582167695705
0.504067555288971
-0.3614337207016338
0.18271613889556818
0.212971743513611
0.35505160156041055
0.7199187252043676
0.11601810004834914
-0.08851308445939356
0.8711064294861046
1.061791079234048
0.50474847395093
0.40425320343875537
-0.2527571466151747
0.37169263119879714
-0.23437851974192175
0.014483624888368223
-0.14956169734227337
-0.27460211463411177
-0.5207804351176867
0.02169533685873239
-0.5360248796422659
-0.7817783822518322
-0.9731063310368749
-0.49667167866063505
-0.9132877114054716
-0.8347405374932417
-1.0026953278902107
-0.6440917445583201
-1.0150243721775294
-0.49551236111599056
-0.10627801221143317
0.048903999031056404
-1.2664089284253937
-0.4284691304036201
-0.5658391145117879
0.008405504514267323
0.5455455923795737
0.05914080937809859
0.20549419805938182
0.20091850711197612
0.7026574787413553
0.7735984786556899
0.7914491453400728
0.37669529114627964
0.6046153038217844
0.028100824412798237
-0.8273400435766515
-1.58405282209598
-2.307910517720856
-1.179870480829606
-2.604351301996869
-0.42017237763614457
-2.610233583411872
-1.6121676219421741
-0.548588218779816
-0.6226423220353615
-0.24028843034682895
0.16651758021823518
0.20780577377286033
0.4454412015117521
0.5586581761373092
0.5186192097924449
0.2351973096129012
0.11502920319815245
0.31599568460053656
0.5843856445932882
0.7560688197134845
0.9670337630086314
0.2993589421119008
-2.328773549753849
-0.5504736780000151
-0.006964239865208666
-2.5582036492855402
-0.278833192572258
0.049547700081414944
0.186786347200413
0.11099045140297677
-0.2718401878018054
-0.32652399685196937
0.10109495189526703
0.28268749667101944
0.3903169881640105
0.26093345376373955
0.19367710402760466
0.09262568333053119
0.5545855848442673
0.8262933308766732
0.42010275649056095
0.7007473299333445
0.8088026137525614
0.4391091583234442
0.47653921222180134
0.31531535997721244
0.32726441284690605
-0.0346564470284448
0.24437596906494255
0.49391559187804585
-0.8056447165601546
-0.4217050051199571
0.09396850381716416
-0.48770784648557314
-0.19092031793391412
0.8269760364670125
0.93602078433944
-0.4216300800138781
0.1542289006744188
0.5491345678367201
0.19347995100208187
0.8524549499268627
0.7243949195734648
0.3861820631181801
-0.024499287869037774
0.6264542327512107
1.43580699833182
0.22849640123771378
0.4307299709774681
0.6858929325478827
0.7096510105235522
0.9156665090799189
0.7178731072654633
1.0538426272953612
0.7767618000408073
0.115131673674589
-0.27750162762214703
0.25972590339848894
0.47376833872927937
0.7133197348100824
0.7152220984264815
0.20277636491507975
0.5447998416792473
0.9225211020365648
0.6289944242859892
0.713065762759774
0.7196281690488681
0.3405243175746336
0.5251999557080441
0.4512545836425576
0.6782650010100065
-0.2856204228909786
0.342581309211956
0.6228855911842804
0.6751045470279177
0.50498477328722
0.008319667894507114
-0.6771348852825294
-0.18999997272199362
0.2980388414818406
0.5994433618653691
-0.24921058965627194
0.18604711894835296
-0.017288285493273263
-0.2424115882716094
-1.7738281253346275
-1.448119447210131
-0.47051160506639456
-0.057640753971510195
0.3003448743953294
-0.01360918578680553
-0.576355389065254
-0.4017243412272788
-0.1751122674584845
-0.29450783350619647
-1.8119772063982071
-0.4832241869970665
0.11729564181505014
0.01534934718137458
-1.389374648500832
-1.2458021690845804
-1.3935736914176269
-0.9694643193966851
-0.7028911297483854
-0.9234550293450416
-1.4303171727539772
-1.9225435898030736
-2.3298088179587912
-1.7180737457852238
-0.7523800310883092
-0.3815670834866958
-0.15394301631119842
-0.39675441540393436
-0.37617112793571905
-1.0309201537909873
-0.6606580048452638
-0.08224433284840615
-0.800332973578721
-0.6650199236595987
-0.29707471531465796
-0.06506673898744696
0.5051117368468422
0.22864726767334803
-0.6027117924642356
-0.16436990021361658
0.380157993848486
0.7108850772696679
0.8025553418913812
0.8884639067749676
0.750018245873321
0.8162379330397816
0.7792245220205771
0.33765278942874616
0.630548309590516
0.3136327259319204
0.242292012500915
-1.287170567300759
-1.8646759913622706
-1.2707164213219262
-1.274318975184505
-1.738738820040217
-0.9996543559426864
-0.2015004941604375
-0.890841683715258
-0.5775160653741606
-0.6048763403513954
-0.6429099381354175
-2.3372547583357837
-1.430797005868831
-0.6838046144480482
-0.1573882863287235
-0.263697942785824
-1.5508380808298698
-1.269930453794826
-1.0934562313011489
-1.9864891993806613
-2.1736676702415045
-1.5154608884286467
-2.123518665756127
-2.477177307428981
-1.3300130915507997
0.0912667733541556
0.3560688823915357
0.09090996501674198
-0.19617952211703432
0.2915163262168096
-0.24015763766475282
0.017679802930718014
0.5498408408490169
0.49117469690553495
0.404945021232741
0.7325646816225497
0.40584215518570604
0.5841783719593813
0.548087977183618
0.4853798384301858
0.5696764815081844
0.13245311030908843
-1.6415000841333947
-0.7413251021409293
-0.48850160867035536
-0.13720654092754683
-0.06991193276543652
-1.1210641685965774
-0.647729475947573
0.30395854610257633
-0.17044578511818734
0.6006665814058608
0.8265107496833008
-0.2537812382105765
0.6053946406772553
0.7389727858300396
0.9993618453211698
1.1323852918134274
1.0652274643225639
1.0354833334741882
0.8175121445478907
0.8382184095863688
0.42914013783190114
-0.3392760383309418
-1.7225330819893878
-0.9901048379660607
0.15487468280869707
0.6679572152731217
-1.7677294052989372
-0.8124343977937247
-0.4748918669655805
0.1518920262955458
0.39163462336851657
0.3559345682049064
-1.7989424493918744
-2.455937520919972
-0.43300643080494006
-1.743056122942422
-1.0667644543022636
-1.815638512803105
-2.534583905944283
-0.9742766730943495
-0.44052021680022385
-0.8575488376066985
-0.19786595306984175
0.37397682152809436
0.4101674828394404
-0.05648085839304089
0.36312580490308605
0.5304587724906622
-1.33054413679964
-0.4059525968360057
-0.051332304000093365
-0.3102160677249492
-0.6139011672480643
-2.028826862983308
-2.4719372667275112
-1.7161589278463096
-1.0399613445283598
-0.7633008005818941
-0.29515806863706856
-0.45366326802000556
-2.159845552779004
-1.4273910417483624
-0.35339321564855186
-0.09776650433164784
0.13599672655497969
0.39030874454188863
-0.18741228252419082
-0.9864538569427993
-0.8428478858368702
0.28184470890997465
0.5520158083257021
0.29658766390912167
0.37355574858007046
-0.1800195710219077
0.19599703896669254
0.13288182736495793
0.05913227691561536
-0.08857787474883172
-0.5482566310801447
-1.5654512592853238
-1.9858298897521074
-2.3236654548323146
-2.2954325583238284
-1.256112538039858
-0.8438236960753548
-1.5608283640329692
-2.0456533384333673
-1.16679680724579
-1.882987137718018
-2.1513519673771913
-1.9044924107242778
-2.1268955858454617
-1.7664583719611937
-0.1696487019158772
-0.972347653475549
-0.3391311416841486
-0.20817080820929348
-0.9580284939915488
0.26111343073158416
0.033074216859336356
0.3956645640410228
0.8898920241996405
0.9619578597249278
0.32597903672115486
-0.13311198533264745
-1.329162433949184
-0.2978613881297369
0.10776407660701524
0.332714832867636
0.17205635149488718
-0.46181802204105965
-1.0286075213524983
-2.012184186698264
-0.8783366649725642
-1.1314295894008832
-1.118649646062422
-1.0024469988642921
-1.6020391824365983
-2.2380681322830194
-2.453244333561649
-1.4500763349086572
-0.9018122540827915
-0.893613042205953
-1.893256538124479
-1.1822923212652081
-2.067121853780846
-1.810673719292195
-2.1067658459550094
-1.120078087497199
-1.3121086209170545
-1.5217471754925926
-1.535526842193723
-1.8530285027731945
-0.6240523784512924
-0.09236381674994364
0.3846553219814031
0.36006833773362584
0.24734687284269996
0.29679640442873373
0.3090633832222272
0.1804609651159501
0.3314227551621624
-0.6577494932283499
-2.7440135493320432
-1.3369681587584912
-0.5149593225552019
-1.1306107348718866
-0.9011997016554594
-0.8361092511503898
-0.2781880254289583
-0.7883489616676526
-0.9853271911703485
-1.27020425533234
-1.814865425138347
-2.5909520457275645
-2.3832051318755005
-1.8022044112942552
-0.8562885332299263
-0.5078252095692756
0.016389699518479375
-0.1136750543040284
0.07253808010706679
0.1901311571952402
-0.4249139708931405
-0.03380843624855799
-0.1687540433116612
0.4979733067842866
0.09408841913092592
0.6043003901865411
-0.07553572372317431
0.44438490909777795
0.5674665195999805
-0.08824105554178503
0.25077568012488627
0.41558437198129194
0.5278595644637915
-0.5007836046574575
-0.07343993011526141
0.2724948063263223
0.4393802371538524
0.5193345135360048
0.5718821076515004
0.24580301339036265
-0.19811471958548413
-0.39038041217819786
-0.4795879217878741
-0.37007063055781647
-0.2141385946575183
0.40710659312103814
0.559093257089281
-0.24975893944433966
-0.5002062844563033
-2.1051231069486076
-0.29170949651796374
-0.48170074229636023
0.20387628486490045
0.1888068279874746
0.1326915603250157
-0.6108834592897816
-0.6269701254507424
-0.8144097410389044
-0.17119955200490214
-0.321985420101235
-0.09652709667918347
0.20852345307639383
0.414779735370916
0.3777116205532625
0.35023332880645786
0.39739457919499793
0.2627742681563755
0.32507678215144686
0.06210987500913805
0.3078291737404287
0.3515558708994465
0.45747597457802086
0.25704096210858157
-0.19158161064286836
0.23856753886655374
0.4337882272605068
0.2766026476209581
0.17746110998811102
-0.006437833700620804
0.43058069723519476
-0.17461851368930997
0.1216531970911318
0.3116162397471456
0.209701822870968
-0.9147490405656443
-0.3058493950625135
-0.22423135013680998
0.0035733524323191862
0.05759238996264895
-0.04517360615571568
-0.003023483332829428
0.019811770223487353
-0.17954608261081448
-0.516174292015652
-0.6386955062807937
-0.3931038219847491
-1.1852715759469095
-0.24041193056105353
0.43465943220518494
0.4095821664919703
-0.34471034787647437
-0.6527458009448808
-1.1944344799047797
-0.5744884361854202
-0.2021608374166666
0.0693596453081187
-0.09530793588379997
0.1105733473435669
-0.45985131307179394
-2.398926383985883
-1.7895471471056967
-0.6559128099947428
-0.006803765254030906
0.05499531884524771
0.41619267574254887
0.076542949451433
-0.11878140076617795
-0.1605564149523054
0.03143192848605553
0.18769364204812966
0.10438418729851433
-0.572988684811725
-1.3017085171358678
-0.22086975258924577
-0.29889276013775323
0.15806388266924584
0.04597991081867521
-0.35848981235529603
-0.16968041944777632
-0.22611632239866372
-2.1509003084334437
-2.413676725661811
-1.6050871493376353
-0.16247595924333016
-0.010741222893947805
-0.2697969208967702
0.33038751438237185
0.4076660349953337
0.5492472709743577
0.17342397887401712
-0.4383418340674153
-0.5471227977522272
-0.2855537449852691
-0.9186380612882774
-2.24803749236573
-1.3472275753106309
-1.286278199152535
-1.1698165371919964
-1.9490513318207845
-2.4192329047562446
-1.8529551293463076
-2.210351618842426
-2.3717305276415024
-1.2916763001736242
-0.435596303810573
0.1379737564960928
0.16286143350946822
0.3344181734070008
0.27419323212658453
0.23935759403348306
-0.7339565140808352
-0.776073123543221
-0.08971769256845577
-0.034010852632515416
-0.4974812010368053
-1.5760729300735683
-1.1789790750616687
-0.11583215155491929
0.2162637666910359
0.5345203051221559
0.5170565704285452
0.3681313004314798
0.5945159966832428
0.7812529061053147
0.9436429714450545
0.813653743642324
0.4251989385943894
0.69417379259578
0.7617633596291551
0.8865085844709107
0.09730101506890879
0.3690365897535589
0.535356965120012
0.5638138926014422
0.4736059109321111
0.36949127054721703
0.20077109315775202
0.5050233333874999
0.45961372980902776
0.2502447993078088
0.500465421653093
-0.04098947598143721
0.25676967234833536
0.26032966458756795
0.05195958214065926
0.40134405455503985
0.6337530431506612
0.5468233374605701
0.1470142464710074
-0.2796585412230946
-0.06502572721394677
-0.700846169724681
-2.0319410228134935
-2.3285906044560254
-1.2027471904789988
-1.4577858133107173
-2.3193179660850234
-2.5282041655069003
-0.9079245522653874
-0.13584518674505855
-0.23555853717435568
0.19098259480594212
0.35958969741918995
0.31717996155729083
0.28255560718376327
-0.9525172930852353
-0.749677955310384
-0.08169120302512416
-0.03494615721046649
-0.3227894414847885
-0.13118162076625461
-0.5575841562089389
0.04964402559812264
0.08936191066200304
-0.7464002126173115
-2.009021220914239
-1.0154800026746178
0.4121378267185517
0.2680588638919928
0.3166555502629708
0.5082269721735306
0.8175692372152332
0.3087644431769022
-1.2759171658310524
-0.4746429298768562
0.04723192001411909
-1.4186012037926028
-0.1673585470345756
0.2689883743569715
0.05002448336873232
0.38627495411475354
0.2585431402703679
0.2947233592688101
0.4805241335601241
0.3730362004752085
0.28701873344646484
0.08496764393432965
0.461953525154721
0.08369082314421997
0.17886343497336168
-0.07572459980369266
0.22055754845469824
0.2975308078799115
-1.3970788556166138
-2.351253874799266
-2.408869810025571
-0.9269529124802032
-1.4422344324915837
-0.2540610522238617
-0.06190499954019067
0.24268837832221868
0.17527027709949392
0.2834710121421961
0.03613455129506065
0.2330808268526141
0.1734226767866445
0.1857778068669927
-0.8651288975724595
-0.2846729575579507
-0.32477706687407315
-1.141538373738276
-2.0479322739573034
-0.8121531165545707
-0.13311564959217168
-0.7059445538188515
-0.49389381926096393
-1.7618197608096924
-2.394903863689786
-1.457479703625822
-0.33067429667286447
-0.31639276678327466
0.0029925722219006517
-0.46809936617855213
-0.4349024121255178
-0.1850666758089187
-0.006108637218076045
0.1885361330181737
0.09811227736628744
-1.136656225479177
-0.42782015982841115
0.2728467233191568
0.17405060160862354
0.36250320863090957
-0.2001224982456697
-0.4730715708813049
-0.5669095955619199
-0.7900121124493007
-0.561736136176662
-0.5044872799084658
-0.3217546640265162
-0.5465988523168759
-0.13157271538561657
-0.12699668486972512
0.3753451323702813
0.7661818064894238
0.7593830945178016
0.7265890165088347
0.7114985616059369
0.8248988298303435
0.5735555850055601
0.17050591500081597
0.09004977936913275
0.24440756656844695
-0.4875370608372851
0.27041046044768763
0.16500737462129597
0.21595121174549484
0.5298416115041512
0.6323104777273133
-1.290283654857749
-1.6510960111450348
0.04548912448738356
-1.0696779839339068
-1.1437103624310494
-0.5597816701713094
-1.0470263856579811
-0.7765571295903146
-0.1738399396667521
-0.20372659308708507
-0.26885834007990256
-0.5932689660980109
-0.9104669857205215
-0.6461664688682435
-1.646235958567455
-2.403252216341671
-1.5367684858185882
-0.21663262225028143
0.27409317760202007
0.1369722871130963
0.2990713716391395
0.40011812132157915
0.5828320376727414
0.5382024051214559
-0.13394592721568846
-1.1833151666746529
-0.08638039296392562
0.4749520609090319
0.3810958812910356
0.2938976614692765
-0.7660582753598234
-0.26197351699605914
-0.27026996632486905
0.2006306118666101
0.4627259292485408
0.20567881237908864
0.5662187060498748
0.37595411626621983
0.3177152017823475
-0.16768451481324095
-0.5637915767861036
-0.5108839658287698
-0.6005350051061902
-0.259634640352555
0.010145917492175355
0.3865957035226483
0.16295838844262853
0.5279572378908651
0.8006460584240207
1.1145402317875717
0.8293111682026629
1.0226296475512586
1.0803776224713209
-0.33872793923084676
0.5925613475712205
0.45870504848096283
0.6233641349608112
0.24270529931468238
0.14645295128699748
0.4606262440836578
0.2096284678240233
-0.08222428530774857
-0.23930873548952608
-0.01286419468545614
-2.3061290344142114
-1.5599419843811582
-0.338039967740265
-0.18116913973019746
0.32300170571357584
0.4116592031767978
0.6033073508256874
-0.9750304085684235
-2.2251900442971317
-0.8890849998890927
-1.530046183686839
-1.5418317811949955
-0.45453957137882284
0.27162644558956167
0.5657129868291048
0.3616410319406759
0.2047721544410724
-0.5288207837059071
0.006204780027931309
0.3477940570132998
0.29181569938473206
0.21398712847947948
0.509996212433813
0.7410456053592128
0.3458425185509718
-0.19061606052506955
0.2350427633768557
-0.9988135688572573
0.09352841882582186
0.3013634137372504
-0.04752267978900266
-0.4686110404609637
0.39076616281065485
0.45432748240269216
0.31491918044167466
-0.4976689135209537
-1.0145763062706568
0.5051233855725273
0.8192516226637655
-0.22365514015042537
-0.3418600602140553
0.20547107687442848
0.47329582422234
0.70104821816327
0.5279421550015486
-0.5340826917635024
-0.284685350001979
-0.035209929115478496
-0.1342096706716254
-1.5486046459877583
-0.2571963539475361
-0.30041841585224394
0.32515319451548086
0.09126262503758276
-0.545731001951412
-1.064109454817822
-0.2669141722336704
0.519258471225439
0.44072606741563425
0.36613123563543987
0.740465262185847
1.0972474105359802
-0.1968151161465772
0.3233414059867474
-0.33139744132000215
0.2350406196493178
-0.34363447713479406
0.7599112087939394
0.4898051636317137
-0.37455784953619436
0.24024181010879905
0.292124552022861
0.13950836040450934
0.38848262420635093
-0.18610802795616962
0.7720326817823177
1.0196034694460983
0.12592277773411603
-0.40139793118423867
-0.7850773612760481
-0.9357796867618046
-0.5183981277795626
-0.6094426772306887
0.07448810434430468
0.06045275125533589
0.23809020171524203
0.1731254096663984
0.010428736246080565
-0.3841463081204326
0.32589619376714707
0.19824625932858567
-0.16905881935845407
0.31455456590766123
0.029546060657071698
0.6437443630274416
0.12354961814286389
0.775503268571528
-0.2996295547154874
-0.5449808416893325
0.10542025506211135
0.11788167011365677
0.11363243960848511
-0.21980205193621932
-0.5584466259805781
-0.09360467438383512
0.30563005484364847
0.32931106153101464
0.6608834125437735
0.5773935471842597
0.2560922820234146
0.6016408571742614
0.6706755249005927
0.9208514187025154
0.4792828229537089
0.6722185804078624
-0.9152231369421328
0.03935143870239782
-0.7211552867775509
-0.12301821646011821
0.2864938665592366
0.47125927949729907
-0.10728476865518147
-0.6669972015368578
-1.4723234010409016
-0.7036868436147479
0.06925272760364584
0.019748222817989932
0.23293888557486195
0.3730891362364865
-0.12294628954245802
-0.17555473651168188
0.0472032313346604
0.33229162340932483
-0.18741277516375907
0.4099372796885949
0.22520136338045507
1.0275617230754
0.9384852366793256
0.8961245560357108
0.9391102465688143
-0.10907410663264476
-0.23304405867718628
-0.1729281161016722
-0.03200954118471407
-0.19892804390819752
0.42547795736284366
0.6781436076983198
0.9487936877112596
1.1441949869319532
1.0216466353936644
1.0095225552962013
0.521844591093814
0.9400832794645794
0.929282550181875
0.749008133578771
0.442061970326528
0.5298375071474747
0.2342001801472504
0.31813519566217746
0.5888130110822277
-0.44585472730904546
-0.09196820817491383
0.2239101688950186
-0.3475245080865769
-0.3909751158338745
-0.49365720718782796
-0.18787732510752217
-0.7060761825037062
-0.09204374638109176
-0.006042239043628233
0.19636659316940103
0.13407095109705786
-0.21631607872335115
-0.07958111271557962
0.17146915189361156
-0.2709311785386467
-1.1213326892742173
-1.6037480717001302
-0.9893017486982624
-0.7237019979228138
-0.35972498548212956
-0.3129310034147213
-0.38664713154622216
-0.4421482488253138
-0.524335766894543
-0.3045205057181749
-0.01350928737538426
0.10009228376579295
0.3253316938197067
-0.07353162743446404
0.027214549995721985
-0.002505115257857563
-0.2882635587665751
-0.11871378714529776
-0.5678717320863547
0.3584696253170465
0.5587904670483629
0.502478719591035
0.5979249141796589
0.5287006637546159
0.27933110434038605
0.4671284062493581
0.4393400406117073
0.6592247427251721
0.8136319570439944
0.455057853185433
0.4579025663603438
0.502778896657837
0.2709053289408816
-0.17875131701076868
-0.2180193998560437
0.08997269403361416
-0.32231706745399613
-0.12007679206994082
-0.09725788400320874
-1.2916066674583502
-1.2084893604644453
-1.805294041374935
-2.0025922158136154
-2.020404327995739
-2.2499001926379845
-1.8701703285558655
-0.49967632373468623
0.07283369717157846
0.14201055421383396
0.3143987933524275
0.2304656925276683
0.30096605291571
0.5424880122252698
0.6418800723338389
0.37661139948233097
0.21308558460093144
0.2138958317376096
0.08495184207249291
0.2608141312301675
-0.16280868665217224
-0.11965874193072319
0.2875718110543771
0.3188079384472996
0.15398373191099818
-0.479296103324132
-0.2046438959641259
0.018925480529815873
0.4850127643023926
0.46709287263925453
0.5335729426150725
0.6046186221816582
0.45742069440222816
0.37843443311866365
0.5593355710694239
0.44516658646359936
0.10647217300236611
-0.1953575422842205
-0.043402072805067964
-0.6044191295040203
-0.231057623335102
-0.34946738343794204
-0.23595847225213612
-0.8333329761196836
-0.43289085529540217
-0.4262153686048581
-0.8167442780864994
-0.37993584984932255
-1.1858099361233367
-1.7200859126772083
-1.31463878132539
-1.8546032461219575
-1.4699875392828243
-1.3294668887946497
-2.3747839143992815
-2.368348273247175
-2.315547731622541
-2.515208922002333
-1.7596189416732826
-0.9218394121256496
-0.13071402112187722
-1.5548378560737823
-0.7231315732696009
-1.639915084914658
-1.7345998341300042
-0.6943579612772014
-1.9383299511312602
-1.462648589356468
-0.8417799164372547
-0.04336825110063935
-0.4228380830242933
-0.8756242766333379
-0.741806172248772
-1.4336119272703092
-1.388483945150321
-1.170240878111103
-0.9016133658709801
-1.0728429552836463
-0.590418909981592
-0.2346318676258729
-0.22117535559716325
-0.319534700625325
-0.03539712490281293
0.22019303416162747
0.3184626550912098
-0.13712551390868732
-0.1745276728825159
-0.2795291295052058
-0.35153041428335385
-0.1394594590050557
-0.21303337477086637
-1.850105475627695
-1.9867259740177425
-1.2098456979428445
-0.4434612583113978
-0.6700902747361746
-0.5859597376909768
0.00971608011125684
0.014384031498694244
0.0011128587020912128
0.1965230716743064
0.04725473880150767
-0.9496293318292709
-1.4474251048783187
-0.5303522131488075
-0.16415262965708682
-1.0308164067536894
-1.0753370995648555
-1.335179175853258
-1.9374826907689362
-2.0318595375508766
-1.3930801534817083
-1.458462394416346
-1.4004938695291143
-1.10056977694461
-0.7654055279547253
-0.4237218597993497
-0.06960254779889406
-0.642831909541331
-0.7900788783523202
-1.439695084440945
-0.8995003749096985
-1.3501190194571993
-0.24727715462415545
-0.2671490656531224
-0.8892233117026525
-0.18662507093144276
-1.307981813441841
-0.45960563986947495
0.12203385925533639
-1.0437369545275639
-1.0400328956900615
-0.7384752237917996
-0.3970062782728282
-0.8508661029595668
-1.8463766457152548
-1.1238045496764963
-0.7655798709622631
-0.9521473136373774
-0.9768225145632392
-0.6538606565970309
-1.4633772886711143
-1.8595016731905611
-2.555015436028804
-0.8086842417902119
-0.3453168027000695
0.06459329965091976
0.45765847368982315
-0.04208673541171836
-1.20444810467041
-2.0068210791052867
-2.0636548697918737
-2.512909872973167
-1.539461658457823
-1.4219951085039741
-1.185802949832997
-1.5008507443817212
-1.09047506569973
-1.7541634030824524
-1.0884549500148257
-1.8783997465749651
-1.5093644304508096
-0.5114377269854173
0.0163484810054981
-0.21243865990548882
-0.44750846931150484
-0.04829009767420623
-0.8564928160932949
-0.4616412427540522
-0.3345807967954117
-0.602272891214969
-0.9634383597065946
-1.1473764640458963
-2.2249081457761903
-2.140735338903093
-2.310086398344789
-2.383023149302961
-2.002618554641102
-1.2713245996721991
-0.9689129208261521
-0.7446908860244836
-1.0695005652538867
-0.8439221247589443
-0.35681769148394576
-0.0722551471884628
-1.1383684909009697
-1.3780065320785246
-1.7222226060765617
-2.010788703708054
-0.9994259220729449
-1.3410714094374552
-1.9371200067459853
-1.6099025349710951
-2.0539106512415275
-2.2787842085716083
-2.043838912279446
-1.7413759730200749
-1.432934884686966
-1.755751333494069
-2.268164505210712
-2.017027849315189
-1.223815464293724
-0.7850201860067372
-0.6855304269334095
-1.0622612143678247
-1.8879964580629254
-0.588368372209067
-0.3198091905232843
-0.2604598452015626
-0.09365620608523181
-0.41315663528659413
0.07511343723242137
0.3630279133326654
-0.32208222130033715
0.17671782072019362
0.5267541566712347
0.3975145678309088
0.6022486684217976
0.9357912456778167
0.9116179980819964
0.49141208232151407
0.49881369225531313
-0.3538057633373756
0.20222288600042185
-0.6123199664794206
0.17986365986104166
-0.34243056618437506
-0.18955353837241337
0.08987037469429959
0.5344450485007722
0.3748027995036244
-0.18238413478762494
-0.310278366916664
-0.8658253645098567
-0.4567010538901057
0.2830751407625571
-0.22964965094959286
-0.0035934520202726417
-0.32210056832956424
0.047417450406362124
0.4440184095814744
0.3566420432670641
0.41720050839921846
0.4304678889409489
0.3723243882281632
0.4958377175341294
0.03999283935661276
0.456607849528684
0.48811974052579377
0.4791618957351869
-0.6575614262872477
-1.3828707785145915
-1.7484250494475668
-0.7176545550380881
-1.0635023108913895
-0.6473684612779833
0.13817556488937088
0.22744862497102053
0.13587919314020697
0.338040286061675
0.06930758252426085
0.749873201620532
0.6923747064953497
0.2675746803823299
0.8541779651646834
0.40125252761635716
0.41715062774285167
0.453488262006919
0.9041962102247003
0.6186285258208016
0.2566583625115088
0.4814868806933144
-0.7441820647530228
-0.04919244580002502
0.3410761403668333
0.43301310990244407
0.27379504159834533
0.2538849864232247
0.0946842936965915
0.19283549574087466
0.20244505093570325
0.29846495490957425
0.22142286444357642
0.5510193417653793
0.8132125394320253
-0.37386047229574537
0.48586077348824486
-1.3079309482621218
-0.39180343919382576
0.1992589879055993
0.6166295437948531
0.5133042225696987
0.7637499449840451
0.6265220975093673
-0.1409421083756784
0.28592094917620425
0.8455013391537959
0.956785369321458
0.5921533488984524
-0.3143107757436418
-0.8325867142134654
-1.9465341042348558
-2.1380211177638295
-0.47993246186511573
0.482257598706426
0.5987457159711604
-0.9125549116158723
-2.0837944101205763
-1.582865625874509
-0.687966102082765
-0.6036189102502413
-0.633774224071951
-0.5079529648631872
-0.6183296310407942
-0.30998097737834085
0.17457262104162244
0.07460616779528516
0.17754535797611995
0.19722158080458518
0.26599191158613694
0.5396613415248769
0.24415839462210334
0.44327184986745377
0.6387127446099161
0.704506820195933
0.7812310224825226
1.088240485736992
1.1779316234762365
1.1035179488420745
-0.11212967220430534
-0.11896281385829514
0.11066374454913833
-1.296327000991982
-1.721239926199155
-2.3921075010279327
-2.4865788807835854
-1.1221696503733702
0.024406227442801767
0.4826234552551628
0.5587867260182803
0.6937569244574097
0.6363794367249572
0.7239204140846388
0.7311156432252132
0.7112774068918938
0.7047320210761902
0.5955534157530133
0.1363700363729284
-0.1359908493421933
-1.1868333871467338
-1.6929333302870346
-1.9205451533179454
-1.7926805788760554
-1.292467025125354
-1.0530877553673812
-0.8142803683916565
-1.802071150330806
-1.0586155164464714
-0.21246941777528203
0.1169655443408195
0.707245455841256
0.4647797279386607
0.15712727853510033
0.12184986194025692
-0.08850667702262327
-0.14188267363520582
0.146824465895886
0.38592547977304553
0.39106436551007506
0.4807242232574356
0.036826699480927864
-0.6493955468464346
0.4270096467611414
0.7622786581623883
1.046545077985012
1.1871138038350357
1.2706281490934381
1.3362113521501153
1.365619051200338
1.265327557749478
1.3645046344821736
1.3130228764292102
1.3447004043101451
1.2640765691881757
1.4959324140525043
1.326858991236307
1.441664711267291
1.513455375754148
1.5974570727077855
1.2821513938795641
1.5745085573616084
1.5988323371780404
1.657332780381522
1.1963229680235312
1.6310556709477975
1.4484516804652576
1.2754549586799213
1.361857426442718
1.3785417719873725
1.4204250263250198
1.465729444342171
1.5009646831002372
1.2952222943890992
1.602836004611784
1.0984903757554265
0.8155173248981952
-0.14562888513802452
-1.7603682092002892
-2.357307970406694
-1.9453134256572346
-2.379731339114731
0.007389754980626392
0.5225256056017085
0.6491306093889033
0.3162146703324961
0.499895279015748
0.710430867931002
0.5491485578220954
0.78043247781891
0.09369817204346154
0.17887700738599405
-0.10522355406755919
0.024750438732904705
0.3757772284549736
-0.33968981819795424
-0.5103498407531519
-0.09864335691228818
0.5786308990707277
0.8017883413912796
0.24998914106805897
0.4646073708470492
0.4258633901827441
0.757585041190946
0.8798937960716701
1.0804552061096424
1.2315457606348121
0.40901960425675776
0.965950461764088
1.2673319488391417
1.2802228544284995
0.9671285863902402
0.7633459163861724
0.7499439803682059
0.8999576874004386
0.8710201212711943
0.9247100522074161
0.8984916329695867
1.0481055980345257
1.1433447413230022
1.205936453110842
1.1584864735008618
0.5061761364958598
0.7182476581060062
1.0326362837206688
-1.4887541903692
-1.3707306791804055
-1.2004152063045344
-0.3130838239927202
-0.9253139870974952
0.13449759547550277
0.3315873658327306
0.1451287321420455
0.7918044855452768
0.7457743493197027
0.9186782878721509
1.2131865614025112
1.2798274252835304
0.8383463510261133
0.5176934494860209
0.4203786085881571
-0.869339137102801
-1.5359887667693524
-2.172232755742585
-1.8617712914013003
-0.07915173628985787
-1.7315079762538266
-2.0197504009737344
-0.788982249173367
-0.7651132276768491
-1.6658194846625538
-2.567907961386447
-1.9024507846685679
-1.0473525005673914
-0.7107613236772096
-0.031458516928407114
0.09922507224556465
-0.3170664034930373
-0.7175942868104611
-0.789450534136862
0.007481885327276283
0.418648854460632
0.7229949086752329
0.7976231745134299
0.7775102402134184
0.8481231721523773
0.7950227988923565
0.8923664684437824
0.2225209763698755
0.43256893616322944
-0.25288089825995
0.29016482087274414
0.41167780908913615
0.264805783828613
0.4178731874357489
0.8143417645442493
0.7933089221550882
0.21280962233576287
0.9024814333543214
0.6746900058729048
0.7104814800569045
0.07957227811641647
0.20080820499253507
0.14991801799444768
0.14156102877005786
0.08662955269836044
-1.2810196591604672
-0.9883217979697972
-1.858310357762933
-2.1910378111246325
-1.1370454293283832
-0.8030029536627412
-0.7286388437180957
-2.2095092764072537
-0.7262757090887387
-1.2271223908447904
-2.0596278081380537
-0.36643386068940836
-0.13559515596154742
-0.35583971030646294
-0.2754140482887902
-1.0615154269695528
-0.8702576536936177
0.06618602577401737
-1.0292825633632485
-1.3163607695272732
-1.8830250671898738
-1.487243045586752
-1.6314575633233355
-0.5252409554884248
-2.517183358366108
-0.8698741030534746
-1.7783994234699227
-1.60130716392905
-0.0336433325720969
0.8256850599765228
1.0023326701602477
1.0956053379881048
0.933448187194678
0.7766543210537102
-0.40255497521729
-1.179195808250012
-0.6058341512257857
0.25121299970835637
0.7071686340591558
0.6342179876950711
-1.3042070083257775
-0.3727141943444781
0.3740831201743727
0.5367976819098913
0.946375403684683
0.9225630142910253
0.8901148879812295
0.9814975335655308
0.7464377179711498
0.9327223467813922
0.7568263444904421
0.7870594655202439
0.749219038752388
0.7532944756258202
-0.6843588331564338
-0.32274130814942437
0.3348542262387502
0.802036796910784
0.24435681801755185
-0.5999182863690339
-2.594910974367853
-1.023641846317484
-0.15994309404207716
-0.787332702116836
0.5461398779658749
0.8069815317289503
0.4838499356242058
-0.06007222189514367
-0.17959425312288002
-0.2011633515279166
-0.8072572024101449
0.027507330154727255
0.6284871945985867
0.7634305046725859
0.456057368617025
0.5708835154209287
0.6388077089250995
0.6781620952310788
0.36208474536111224
-0.7757386630469318
-0.4202811868372495
-1.3823886047149239
-2.0303052257445047
-2.1902836690648106
-0.5441044437819358
-2.0663756011343475
-0.4014562491748116
0.45320262718893833
0.9285044128887053
0.7987266993619819
0.418585424965884
0.5709379309111179
-0.3714500870920734
0.4821215389760159
0.5775731757573789
0.2707109626179995
-1.3077195798172936
-0.38127811852535515
0.16511461431632743
-0.104055745580141
-2.4906995363898687
-0.6095212993317104
-1.5731889204322818
-0.3709627805718972
0.4707926482213885
1.157782669532072
0.9992546832733408
0.6678919872245128
-1.3935878702064564
-0.4741262691010161
0.3829050387579186
0.06503409521748685
-2.135010391377204
-0.15985938264221947
-0.32755455434662484
-1.1617831456082488
0.2205019084640212
0.25170609987507786
-1.8860149507323831
-1.8122091308441057
-2.358637785637652
-2.2731214352495974
-1.0259634430460582
-1.116889224752381
-0.633837459866456
-0.597587497075905
-0.7172302353830339
-0.6646233831463759
-0.6036473013884258
-0.16780959413443988
-0.7093657698312512
0.16417731965659327
0.0563889194286885
0.3637281739447698
0.37626128724155855
0.09338419474448123
-0.4589741411974555
0.04768288949673609
-0.4452616655909153
-1.35368290230349
-0.2553490537876383
-0.531932639250351
-0.7043175569243338
-0.07421842929644615
-0.9844109913584294
-0.46789726626121464
0.052642764503580075
0.5726572947447351
0.7515454431922183
0.7674228408827551
0.6951660501329966
0.6961212942612771
0.08012364402683343
-0.11226573453288612
-0.016528779810715738
-0.495377127225546
-0.4113373320202011
0.08173775444549196
0.21584695379387092
0.07669776880920125
-0.37339745762890447
-0.2598896432519682
-1.833565855630942
-2.4831431233695347
-2.5119438238772847
-2.5616691155287605
-2.5229167733040674
