0.42556728192337134
0.20607134480348374
-0.005253082540712702
0.14988868231338692
0.4686215694503634
0.20831560777127042
-0.02055488853302189
0.128667670438779
0.0012728078671368948
0.22577251067253057
-0.5281814835534452
-0.8304948650638442
-0.31683507931869975
0.21861716190824082
-0.2774186838242536
0.07197025681741125
0.35997496007229524
0.36549509592883694
0.37609723721693383
0.5833660403835298
0.5991861996649158
0.5313139439131851
0.8033347276089585
0.7972936524862294
0.8006785777041964
0.6700423683177098
0.8128302507526611
0.359668039598108
0.3430103837095505
0.23444596045148977
0.13824260712474626
0.4447555517117903
0.4115932602955942
0.5154057656713281
0.4442660560280756
0.37518348095487436
0.5462138337100579
0.3808739598966368
0.528421012052263
0.5302375996534704
0.5672768628960911
0.8303697570252627
0.7778795290213265
0.3745945074892974
0.40027882200437775
-0.024664075252784662
0.39504132999552544
0.5355072998215251
0.45618878892213816
0.29851070045707867
0.13445682381070098
0.034785651259922286
-0.09646298518346297
0.20903737446361995
0.046494719442852585
0.38795728168252036
0.21446037392750025
0.14155243724790428
0.6105205820606867
0.6149786956870685
0.6581510126570588
0.06615577851895403
-0.04138571861945374
0.07048741743083446
0.20230941510287495
-0.22952633566284192
-0.07279158224128215
-0.41610367093307804
-0.5305546643018851
-0.5010901711014171
-0.11902304664510313
-0.26006851406118886
-0.042115482187004845
-0.1409247941732175
0.4799460544263415
-0.040530426574322036
0.1092067125132616
0.44952809447829223
0.6288800094743026
0.36749684520606857
0.4349008416577164
0.8239706966870294
0.6406562991277627
0.29270253892253834
0.7269049632985654
1.0121734635526947
1.0430356186124672
0.93415481397866
0.8466860500761211
0.8811144508831867
1.015567882510306
0.9173168125252508
0.7098570839289279
0.8457522780072723
0.07047413557383465
0.384764875717829
0.478193410249334
0.5608404272323851
0.5522451382963225
0.5325099527279519
0.6360325437181036
0.628933560674211
0.8571628386176712
0.426497783249901
0.6333994916957967
0.8430598596084177
1.038743584385961
1.0271200066964923
1.0214010084583014
0.8555573261636444
0.848315799109095
0.8378703472768712
1.0247947054095805
-0.03600433661266672
-0.5005475300131658
-0.38161978788607637
-0.3618011937358462
-0.23887939871573924
0.004639014157109741
0.10987639944596729
0.22333677651136835
-0.12809900530493284
-0.2768964799921488
0.26133717466533063
0.046640657489671125
0.24017450656023512
0.47000676504251493
0.5506127579644637
0.7629541714568452
0.4724347027307121
0.911326724799842
1.0200913092434984
1.0374260270606448
0.8922531312270504
1.0162948093249005
1.1816539128474373
0.782570519274205
0.6666836575667904
1.1681295479972746
0.773419790338287
0.8521113511529599
-0.9838377741584404
-1.2941993764193391
0.37376159660642166
0.7245351955408339
-1.276361137941389
0.6516767026043452
0.30131259880322087
0.6224149091736283
-2.1947161669711486
-2.406083082391149
-1.3496171155660244
-1.1866847506165439
-1.8151613554238362
-1.7261541299955903
-2.3432005270369376
-2.0960443200196424
-1.5474485609043391
-1.4425566489006023
-2.248797566953364
-2.701326178556401
-1.7755861088869167
-0.7500460955917986
-0.1655800375015098
-0.09168457863491748
0.3115667181668224
0.5197192544057598
0.411605716227404
0.7732835345533939
0.8179163909527966
0.9067071644000443
0.6669406834490005
0.40928132006398454
0.8664356846329014
1.270354234017518
1.0193425863564154
0.9205836955191417
1.0213554857188871
0.5173882541233267
0.8269761705738295
0.6779469887157793
1.0213735689422847
1.0200053317520845
-0.05431425481904402
0.527260846505998
0.6928264168118224
0.8331840120963798
0.08093722039352354
0.7231497953018212
0.5992411174084334
0.7753850621604229
0.9161464517691018
0.7372487923574518
0.548110554194313
0.6780704042806857
0.23674421132916063
-0.013891048773894332
0.3736665599444303
-0.7742140023796743
0.28595805191095724
-0.28624584203147563
0.2731531860228151
0.25752923160563773
-0.33853115398716416
-0.48250261825706603
0.019141405934159916
-0.35069782051553766
-0.050412457022380786
-0.5647302263650964
-0.9746563099528878
-2.3305765813037906
-1.100918596512711
-0.1835978669596844
0.1064121036623132
-0.09838551313245679
0.20403429158474337
0.20675320982081197
0.2925376235706924
0.4259562140119688
0.3534824398053625
0.5578861958865406
0.8078732571944792
-0.14811446143119092
-2.53479396664948
-0.558506396471002
0.3384443184421796
0.10266754222731315
0.8209955373066201
0.44811730739405736
0.06982860986284324
-0.01580248496186942
-1.0984861441623406
-1.923301789806709
-1.4884538523541084
-0.9837728298675745
-0.8200092607652417
-0.7407144489541204
0.059829376298018044
-0.011219807725062678
0.050875558478294766
0.11428397308836706
0.36590534321332574
-0.704413406213232
-1.915310491493451
-2.246511730754648
-1.1058717811683547
-0.7755781608680398
-0.648561514258162
-0.7385505830160193
-0.5539197421512589
0.45302073218667205
0.8124271480299893
0.07446895086080374
0.11892737404014005
-0.9467434808289273
-0.05383487854298323
0.04483985912343661
0.5045340368319919
-0.23456338884614975
0.32734175372247803
0.21742529677864458
0.36700294241224846
0.8126478172704515
0.10243306855591812
-0.1943919091215883
0.7773470671587264
1.093950771219485
0.41707539010866007
0.29591181357783863
-0.4085361693326563
0.44874306823684407
-0.23844448974831195
-0.0918455111223266
-0.24035792131638228
-0.24169219334010303
-0.5637960532908243
-0.1830071324912995
-0.5616037438465911
-0.8243083916600137
-1.0296284161330984
-0.5648343356358176
-0.9740139580566345
-0.8296556715075573
-1.019511367245436
-0.6921290275403589
-1.0245160570463026
-0.5922098309170458
-0.20976790975069415
0.04402335696705806
-0.9747487920286282
-0.4494652664282243
-0.526007766179655
-0.24841511311231973
0.4963237437701941
-0.00882359771026015
-0.006842889350768294
0.1144432489430236
0.83760471679249
0.8181909840323398
0.9154296301388278
0.46358668626353944
0.6064845525352542
0.06505542201461909
-0.8353789597506492
-1.5193745745201823
-2.4346820238209923
-1.0432699188447292
-2.6988577934279934
-0.5549779068690286
-2.7712313589371362
-1.5451887469669927
-0.5799539288023647
-0.5778188438896379
-0.22097564275647721
0.13926185375782768
0.04299971910587798
0.36529146001826435
0.4204045856976745
0.5711215366147939
0.27839815094910214
0.11053489691676599
0.24177646106007783
0.6337828374893019
0.706867099606527
0.9098502014264681
0.27651151429179416
-2.3858986431418354
-0.5437138761720981
-0.00018762371071171752
-2.8081938749951587
-0.19131449248706517
0.276594080284179
0.2663532200237061
0.09677736241982653
-0.30357573609129057
-0.38080308623384695
0.0794778565304287
0.2630300835096117
0.43972799127933326
0.19799187370425247
0.3267281139989115
0.22878332648390942
0.5250697848629917
0.809916227033531
0.3852700689525212
0.7153455664688467
0.7984069452090932
0.34727119040993903
0.511307603450032
0.2600660927873005
0.21806460484647028
0.051603456954207726
0.27650078974836834
0.5398025949640359
-1.0819487292018197
-0.5743831804778363
0.20941738141000554
-0.571602086579226
-0.2003485953559207
0.9165190950213192
1.1094001465896537
-0.5856230683461161
0.2957483358718981
0.5742431374038007
0.34890077467079206
0.89076135328113
0.6948208497066789
0.41582736591589786
-0.009910805240129264
0.6669137516995145
1.298021873172544
0.3411984651977887
0.5227051633154568
0.8184858730066067
0.5642635375686238
0.8982058929286544
0.7060612901287923
1.0657721537461842
0.8378396983704837
0.33468130854414013
-0.23561158909622085
0.4673079944923267
0.6287494822268066
0.743990941836284
0.6910870206082133
0.5147529311395914
0.6465465390702956
0.9994256429351884
0.6660353638559725
0.8032599109562214
0.7801482454865736
0.35868721961000144
0.5957872017783671
0.5586577116003116
0.8156649620540282
-0.2923843397964294
0.2550669666258007
0.782548723287578
0.5782644980369754
0.5363731716323892
0.08043000122155819
-0.8052069410743724
-0.22877949840616746
0.3934485504248296
0.5417144913754722
-0.28857904308385895
0.11845979771204716
-0.054780162362351295
-0.21083284053915952
-1.5369927276648265
-1.3603474925702366
-0.5707816261374835
-0.14932645383789991
0.2400256841406327
0.07061928481158435
-0.5531290993549602
-0.3904799824200575
-0.13805066270442623
-0.21507093868125046
-1.8227100511599208
-0.5706103496812246
0.1165390091097368
0.0655336832376355
-1.4119879212462807
-1.0890089286957019
-1.4474639730756707
-1.0326200971407673
-0.7269195896108502
-0.9811783519851185
-1.3557163786255637
-1.7685370034001882
-2.5722883812835824
-1.6924027445974619
-0.7489939180548265
-0.44152245044775096
-0.06170637543444204
-0.4073212971966651
-0.41231723320443175
-1.098865348385295
-0.6205516471774457
-0.02246043778257099
-0.6863763658601643
-0.648357323945039
-0.366454235758466
-0.1551856120452302
0.6177800116016988
0.25775350857915935
-0.5542893476639048
-0.2747448205055597
0.49604792609180964
0.6719338860485767
0.7954163389391459
0.9085400194141435
0.7618327778760825
0.7227700294994349
0.9139876531226984
0.23439006845290078
0.6075415844509927
0.19371379858555443
0.1997818634169773
-1.3597887813105718
-1.713019669414462
-1.243224537759814
-1.2945123153006486
-1.7112570709232895
-0.8744870622237985
-0.31128595280734467
-0.8191212429966724
-0.6463277606267288
-0.6457872238374148
-0.6423326539239953
-2.4982093824145197
-1.3163788786632744
-0.6447439768201608
-0.16622147824640132
-0.18230348278101602
-1.5756901933874607
-1.1224716286442347
-0.9632792876396529
-2.3036305636919288
-2.2765509927699354
-1.213816942701827
-2.163306742415032
-2.538080956909257
-1.374398856774574
-0.12837312387274105
0.30777468252309026
0.12654101039601298
-0.21776335048509798
0.38060506006369754
-0.21700878503129487
0.04483307991395631
0.6723182196254187
0.4993682148406644
0.3787846231300792
0.854067388314508
0.4244172652365168
0.6807317051379188
0.5657387864189654
0.527791201254112
0.5204051854729722
0.26909803101288815
-1.8107441505369033
-0.7034983429484668
-0.30285996494872547
0.025473930006931718
0.23562023072549895
-0.9468211314908509
-0.6557040269223418
0.28848429653831137
-0.22845160594080186
0.7613785814397991
1.0108877494711546
-0.22647095809278553
0.6468541992300881
0.7838997423759958
0.9253420822062849
1.0111498589986476
1.0325539637108652
0.9991695120223458
0.8393069049758125
0.8345058375553169
0.48879257172580826
-0.3407632102841424
-1.756084240279041
-1.0491652721222617
0.3168559446109067
0.6468772165379734
-1.7639684742705874
-0.9767319426369246
-0.5655477426616212
0.29899152077831564
0.4597031841018036
0.3472194632439534
-1.7669475702991726
-2.4599598812402905
-0.41525547391153167
-1.5772471605325298
-0.989014642509129
-1.5615883773515484
-2.5824159220347207
-0.9561206050815488
-0.5584748292381633
-0.9687966591380921
-0.40323664092543093
0.5059360336107555
0.521171222550262
-0.12768402123630532
0.4453447707729465
0.5095234693700003
-1.5086230701525831
-0.5060019976948745
-0.04270050139757209
-0.3400890885299454
-0.7038291269078483
-2.1404216251483184
-2.617527922979087
-1.676687177374377
-1.0473537012205265
-0.967403851498439
-0.24123308803266544
-0.4981234579593727
-1.958442933873288
-1.4870335570243687
-0.23713793220723
-0.104219913035047
0.08974642389131667
0.22322924813807182
-0.2585454536828581
-1.2218520067943455
-0.9744255836016708
0.3863737254950391
0.4578740846281698
0.23533096257907654
0.33872324703798024
-0.20837251449886662
0.11334246748280498
0.03146339510180949
-0.028965760338512007
-0.13316197453723483
-0.7129850170395631
-1.4804319155691719
-2.0584238845430094
-2.3977944232270305
-2.5346711485980102
-1.2132577241818203
-0.8936983534142676
-1.4585465514042795
-2.00545154369345
-1.1950145538367611
-1.8343539353987393
-2.308222998815499
-1.864412276892638
-2.1462577016903883
-1.6988356866862129
-0.2140626759817415
-1.0845030461395866
-0.18197418435228832
-0.0871447873102754
-1.0719223576132644
0.4297404868507177
0.0234932040813573
0.42867518931930365
0.9406243200008397
0.9999585512156904
0.4072299633430502
-0.08792967423645182
-1.2508573643558656
-0.17237200054785048
0.08817292770535247
0.3136637156890812
0.1586403288402036
-0.5293950521695149
-1.0449805540855244
-1.9797313462361323
-0.7650185660909489
-1.1075088400029072
-0.9562696799269542
-0.8977212369850711
-1.7677156795013766
-2.438946986560826
-2.5571101493435875
-1.6704983249582477
-0.9472142143756924
-0.9433620358118251
-1.7822757211942624
-1.4269276710175967
-1.8957577852346774
-1.581781932315279
-2.011022040728289
-1.1312532708892826
-1.29709879871529
-1.4042846189934155
-1.513122847912841
-1.8677932713032261
-0.7500039102869597
-0.19069153346251103
0.46477343321021597
0.5591303727644684
0.30420344746631073
0.3579205376648991
0.3792741996060425
0.21917475125239183
0.30068375779607664
-0.6380552866983785
-2.842040057309839
-1.2086957901144006
-0.5299829603303648
-1.1069410500311745
-0.9153257212970524
-0.915156545194627
-0.25942134980540615
-0.7703280354009686
-1.1080696615937888
-1.2961874555526198
-1.8330203525578561
-2.8215979495998433
-2.6587270121215014
-1.7206988598339719
-0.9494967962178311
-0.5426677020392596
-0.0033226225742738922
-0.12191668038621797
-0.015266845610144564
0.11103483731870159
-0.5329402790577855
-0.04528125992916592
-0.28098597187761876
0.5050983314128412
0.04676626524365866
0.8152335275643656
-0.16984975966853302
0.5386901037058219
0.7030729325252817
0.001980687202226175
0.3217682236031346
0.39551454954299076
0.4702839093425068
-0.5376785509393407
-0.0005168029160808364
0.31990646319786026
0.32232302549800346
0.3903392396964919
0.5460193439422454
0.12651918304033308
-0.14016321512692223
-0.3349463554920912
-0.566825733857713
-0.5114728797671971
-0.20084931120099503
0.35826537137126896
0.5937412598777384
-0.08679482544800775
-0.5000428138765274
-2.3005134187189866
-0.3153745091327927
-0.5303345741040706
0.1302231138122434
0.14874783693325674
0.14351570270280373
-0.6325438972449958
-0.5038447381345097
-0.7480794649536363
-0.20284552688441568
-0.2741153962017765
-0.1372915330547996
0.25399700749537646
0.4447229256492422
0.272455353822632
0.3192030522253824
0.4602230237078554
0.25593837919368856
0.2721291316385164
0.058451757630930405
0.281554040357128
0.25687512834153253
0.3859406982271317
0.37300735615821573
-0.13634181666954096
0.20503835458545278
0.3923580673646235
0.23331373044022818
0.10241710303366677
-0.027374948146599156
0.5084190833474379
-0.03786740593621163
0.19578650167681882
0.32015216560723203
0.20689846912777224
-0.9413965679104137
-0.20183759927085457
-0.1688066253285662
0.08424301618775325
0.25149808881892205
-0.07049380871115482
0.13844279883145866
0.19148880562124002
-0.04788551745426169
-0.49777449571723204
-0.545481253939302
-0.2720685630884989
-1.304108160017623
0.03406773237843497
0.44736138762259037
0.3868381595084351
-0.2694573286692018
-0.5580955058974989
-1.1273313727044312
-0.5733616066208416
-0.12498491719345939
0.11261566089659096
-0.0037125358558745647
0.09066699484695417
-0.5361893959460223
-2.6271486508057538
-1.5728876902763833
-0.6974054854660857
0.03353288107118486
0.14871604814596526
0.37791573411133855
0.1173177877916897
-0.055572839996491
-0.06277366022955831
0.14866402391253855
0.19207629338454205
0.17231539545812755
-0.5521121617723537
-1.0721160085616062
-0.23454112954917453
-0.23614413718342217
0.1424893779504239
0.0583174750935827
-0.2586907776667687
-0.20772251162627745
-0.31532955910202753
-1.9327537877370713
-2.7502339606868644
-1.5394264162896234
-0.02053026542939048
0.038565996197914995
-0.2682107858664224
0.49120678977820825
0.551406704091334
0.6193057722414343
0.16237338851549918
-0.5212793143429122
-0.5461608940186914
-0.3883788580261552
-0.8572442721965432
-2.4465779771317995
-1.1792595664254424
-1.1729519545741751
-0.9564612409992801
-1.8790595393046043
-2.5837694563556153
-1.9578420843686768
-2.2456200930526307
-2.5739253474828336
-1.4963236976007133
-0.2824099359850717
0.12308309381167963
0.10848223391699745
0.30526513767750824
0.236835856259861
0.1278458453993784
-0.6586584691695793
-0.7305815372077638
-0.2102908433311839
-0.0458238933303839
-0.5571579103635114
-1.545227588766137
-1.0919254120681094
-0.21952955668573618
0.22301011927795447
0.5261688453719556
0.4726965849015753
0.29560819536769095
0.5914477092175751
0.8723551888547616
1.0367460083491262
0.8495661966187479
0.460211372414525
0.7402218285664398
0.7381892856771285
1.0133572190472038
0.05282090653548892
0.3578347839413293
0.5552108433190397
0.578695235408588
0.41431517305201565
0.36736556082977556
0.19727111728008678
0.43858479900525627
0.35626963682946
0.12961482656931905
0.40343581027662523
-0.06005174223670624
0.24001846194448637
0.19823969032942917
0.08433679795504959
0.460242744197855
0.6050953027965301
0.5824434787398111
0.13397597530684618
-0.13055091654045015
-0.08339159697408849
-0.8321571996999335
-2.2522074024818073
-2.615094810774401
-1.0082365253038026
-1.3494048475627023
-2.4486535923187556
-2.727596878460165
-0.7788028124216356
-0.28401373491911086
-0.08910747328817518
0.1193765187806104
0.27979784006274383
0.24846909112855656
0.11471012713434443
-0.9443890216444274
-0.9861057244727621
0.05409065467582848
-0.02260266049009726
-0.3634575060386778
-0.02816909116577278
-0.5876150506039141
0.031796992466650506
0.08052830888147422
-0.8166221164487365
-2.1023396523183444
-1.052561329226854
0.3711215118126027
0.2387401269110848
0.25202490466361527
0.49982133379607635
0.7464468522124983
0.3289151073340883
-1.1374146931337012
-0.3969559602497287
0.0200657106963012
-1.4071023372282545
-0.17096172080039437
0.3666688093226665
-0.021470043933763644
0.3693657643865302
0.26984376076366073
0.15074582286985577
0.5001465318548617
0.3719790779956091
0.22714323951821364
0.10884422756788285
0.3569598255155476
0.06271189771189177
0.13795832956811774
-0.10026404239042118
0.26608849534074835
0.29425541510522624
-1.3405455277398606
-2.5217228217149
-2.625116778025229
-1.0001812264360732
-1.4914147264191142
-0.2848719765376795
-0.02159401526398955
0.32185684256945396
0.294424474232398
0.28252902674137587
0.0042772256584273655
0.30210372391477963
0.26307567737805476
0.16859611647041386
-0.993033691710595
-0.328611076319135
-0.3693419703315694
-1.148658475083938
-1.8875646575322875
-0.7642989112454112
-0.06790449502809952
-0.7580941818367111
-0.6525700403164999
-1.7229891542669005
-2.472588045219086
-1.279220475995933
-0.5092124271899975
-0.5030793113546995
-0.04138273270609907
-0.5469613931124703
-0.5353525252368648
-0.1901403398682806
0.014863055181788596
0.11672862997122642
0.1214449428294184
-1.056855912153685
-0.3717804238108105
0.25603349829739075
0.18891853092417685
0.3701284163772942
-0.1867152229060486
-0.5094469244865912
-0.5036947849459948
-0.6651181957876201
-0.6385599121432219
-0.5032365121454553
-0.25711434636865693
-0.6457952665319392
-0.02046275197946206
-0.06323109237834967
0.3680005666997812
0.8034596288239264
0.7469325941137007
0.7047237110610768
0.715803478286264
0.8717774882676118
0.5979424095468493
0.10984289606807085
0.0636224402905327
0.3815976224768862
-0.5615215033609904
0.3723890744931867
0.09914959009125436
0.2685487533350903
0.5604627689670402
0.6009344238513856
-1.6704903711729797
-1.576566998448323
0.14532642676664484
-0.9903370536377395
-0.953024810940806
-0.6870613546354705
-0.9962783234207151
-0.8268712873936294
-0.06317440787666963
-0.12513580493642265
-0.2735520743838685
-0.6842102657533017
-1.0052155892874968
-0.6920364069954832
-1.7412446375556327
-2.614615676545626
-1.7198859320717859
-0.23051081464571235
0.1368669090193944
0.31265135287344664
0.26583656007635414
0.3313618367219656
0.5538706253626832
0.5409464043457738
-0.08036532355548583
-1.1086516421024972
-0.11064705575687607
0.46491582521410996
0.303156203682551
0.15775010236937798
-0.8472998329943777
-0.16144514175757482
-0.14861836369097975
0.24703840199416444
0.36303328537732155
0.1297391133298656
0.5115947943142423
0.34202854104184366
0.1279607048439422
-0.19275373396587273
-0.6578162954412551
-0.6505108137896091
-0.7228550693925214
-0.4929836990598996
-0.09458744482924043
0.28636548954702945
0.058017836930234455
0.3529521482744082
0.7293551881617872
1.0930881284396072
0.6940824551261898
0.9060889726497373
0.9904451145191189
-0.41999217666648186
0.5245481154938892
0.4668214684244404
0.5400498964834864
0.24473566907524508
0.03620399686790644
0.3637209563069469
0.04029748278714774
-0.2458121863555905
-0.24119424981272672
-0.0007413447585258215
-2.4793212683247243
-1.4840236264735143
-0.5844875872641789
-0.3133482155186103
0.5012303147059992
0.4258744219564035
0.31437095288912886
-1.103170345849825
-2.4975766310896597
-0.7291779023394208
-1.5751336191528273
-1.5493796834420357
-0.5640664391955711
0.1303722240345025
0.3335504658916592
0.3649229993353974
0.07546464795135314
-0.56985572350199
-0.05591115919471578
0.3961214332740889
0.40834643508414736
0.060096935076494426
0.49554506573141194
0.7365081631925001
0.22779800097116867
-0.24327449034575815
0.245245262473055
-1.121414295505913
-0.006897089593471173
0.23669845532143693
-0.17421562100421648
-0.5311646027273497
0.49814248207736345
0.47991402004618783
0.38647734594842537
-0.5374086739272173
-1.3694486874183955
0.487086419304888
0.7850099244606251
-0.1890915914656511
-0.3688913943278089
0.27785237773588917
0.4797931741688707
0.6792941982109353
0.5444677140364566
-0.6795897979509966
-0.36028441210300005
-0.05194057521109579
-0.2360783682273754
-1.5619432482513933
-0.22163485520236506
-0.4061095438392463
0.39490259301171154
-0.062420369476381535
-0.526205589090797
-1.1220999143940065
-0.2374332354912829
0.4333896552047577
0.3475946311999844
0.43203971148279524
0.82172119722079
0.8889952185314385
-0.2584303091006802
0.2862985581826725
-0.24216466884798096
0.09586678165555769
-0.21402039887105487
0.7392995135080903
0.40051328735919994
-0.5199521330297865
0.38517896585219924
0.3892698835456008
0.24977974467888173
0.47922028127826616
-0.2207713227881651
0.7859014353411187
1.0261410795161088
0.08516915226383105
-0.5497671156102462
-0.7380205657312933
-0.9892657364632628
-0.565160630614199
-0.6419173939446144
0.14815115420699435
0.10534329937968227
0.3862645541343696
0.272215777128686
0.03608155051976508
-0.40475026408616305
0.3956261599702543
0.3229053394332809
-0.09517225383334417
0.48405027437181974
-0.02249585364937724
0.6326972372751987
0.12164717956693497
0.7809866796073798
-0.18392732897124447
-0.4971274825318988
0.27080127047589214
0.11664918516763069
0.2805237920163641
-0.1373150404772581
-0.6934102260494264
-0.01900743567683128
0.2153005045514353
0.3699011950424907
0.6981715230842042
0.5234280161861021
0.3145434807505644
0.5942997385494577
0.6766908160571335
0.906024431340844
0.48196962833075185
0.6998585499148681
-0.9397548726483921
0.11077335822845753
-0.7617169668488252
-0.12156252663320936
0.49090428806404723
0.4693283008593688
-0.09475919162077094
-0.6869042169766739
-1.3969744249015292
-0.752847270082276
0.11772682215083928
0.12289836497182723
0.29438540806830016
0.26066444869988575
-0.06344335219162689
-0.24666116918825556
0.04644466783965205
0.3703689839397494
-0.25117515817832303
0.34886667407388133
0.09649426925637895
1.10050831175604
0.7672638355941536
0.8072905687811283
0.7851324277083653
-0.19566179208595263
-0.178593055051208
-0.11981507725193061
-0.18384445451317055
-0.1857632060056318
0.5232553968620819
0.699916591286529
1.0104054582810353
1.0931966568383644
0.9827044877771739
0.8978875095650035
0.49795626992519343
0.7874298348952051
0.9011228638028409
0.5498259863151952
0.266044588460684
0.4330922749278335
0.3551196163177991
0.3468481377695402
0.4139310653081375
-0.6760315669481872
-0.24058841708252282
0.36222087852153717
-0.3846387695152363
-0.6253329234668907
-0.656034073072288
-0.27772161322009564
-0.7484500795336327
-0.22536813407475803
-0.18043335736011606
0.20750158633588245
0.03411671295273207
-0.25330173538243345
-0.26702192507569106
0.2364225072535772
-0.3301825287584293
-1.1175609305726801
-1.7179622427916648
-1.0940748919429506
-0.8008180946498237
-0.5078708082914061
-0.5202857462483614
-0.690311929437574
-0.5631557291182107
-0.702690624329869
-0.3702351785055427
0.05382530129535412
0.1121337902755111
0.2561843124435291
-0.03848755082531287
-0.03410767760792325
0.055909838520023056
-0.40123103640620705
-0.23322525292677182
-0.7416936267122785
0.31660715893289687
0.3698123178488789
0.3566378889769192
0.605903099569808
0.3996634296922686
0.3871122104542043
0.3985128988726407
0.4473592701805747
0.5351513516439038
0.7567923212632858
0.4519010759004531
0.4006455622702584
0.4256633667999671
0.22488057485449084
-0.16894734916666126
-0.22382651865147157
0.10236646958023694
-0.3504290172346681
-0.23535144038339353
-0.0386662873894728
-1.3039395497985613
-1.1020496592726838
-1.8645761514710255
-2.1666339177488463
-2.1558972771211335
-2.2268872004014533
-1.8546828900596375
-0.6750030049278821
0.23674510008956615
0.22264460293542498
0.30878026097614397
0.22430474678622012
0.2003113343874614
0.4163674911623838
0.5470216702070649
0.4321170654957215
0.08378087419933741
0.28147733901909955
0.20776098378175195
0.27143195265613507
-0.0698678010879011
-0.08428926968453489
0.35178141773942995
0.36115460133844607
0.23918025863300166
-0.4131422554296961
-0.14702330416079404
0.03966816545702118
0.43399210488507417
0.4173706437369673
0.4306239981509668
0.7082375284951404
0.355683524542513
0.35627555408826217
0.5568055949799371
0.4265097574997218
0.09106798191455943
-0.2876838228866884
0.14066041413846733
-0.5670423905192169
-0.2843036874036327
-0.3793687173468573
-0.3525518361820482
-0.7378043946551605
-0.5877794990958459
-0.5858224944727646
-0.7619485104906323
-0.3999607723674345
-1.0484832073554498
-1.813493473159298
-1.2191375704962368
-1.913368873598636
-1.2299902580015254
-1.0595212968762264
-2.4954120643851243
-2.502119684089298
-2.3928065269037337
-2.367660377927565
-1.7507172550164805
-0.961860607133147
-0.2287991881975814
-1.6292393100485956
-0.7446553877262375
-1.91908922717702
-1.91526022023321
-0.6082245183713135
-2.182089630321612
-1.4937249798391545
-0.7481786048729477
0.39752150264307584
-0.4404131734179177
-0.7130699988709635
-0.6641827638759705
-1.2465035718773
-1.2786410231708611
-1.0965108233588854
-0.7734455043345045
-0.977009441822533
-0.5891558444619616
-0.26062964507382885
-0.263704747506265
-0.1997340498614793
0.0976861064635857
0.4089787097625538
0.693131091938878
-0.2136725810595744
-0.2111328815564472
-0.2052356339014954
-0.28648360858747696
-0.2804505729664127
-0.2718349599442057
-1.9337182055568314
-1.932963182019688
-1.050028199586125
-0.31136719233747534
-0.5516494118780592
-0.5362361328579717
0.22510029183721167
0.20250983044990511
0.19050003724937362
0.47250333448773973
0.0667352624314038
-0.772975608973122
-1.0731502915020479
-0.5440910208546385
-0.24341145610167073
-0.8140107116916206
-0.9789537692971862
-1.0666026047487114
-2.206997662433245
-2.0041493844743754
-1.363493961854916
-1.3534859851020138
-1.277918164870623
-1.0863550228119052
-0.6877871834038739
-0.20974090734208353
-0.005966116158459818
-0.5509232172899802
-0.646733561757463
-1.2529688493876507
-0.7547689278099207
-1.0969835974905526
-0.11211764762101795
-0.1545259389657651
-0.7419674668301631
-0.07515073984085285
-0.9290634251037594
-0.3380344951972377
0.41778424129225616
-1.000032188028601
-0.9458045808785223
-0.5548999321144114
-0.252041766778688
-0.7408756912511005
-1.7693322369437892
-1.0899442171660594
-0.6850161358012841
-0.7603305048410662
-0.9405882741682123
-0.6383039859272753
-1.1588539305188588
-1.8044018602350733
-2.573858563467346
-0.7478526084478715
-0.2642862155354888
0.1715649444706584
0.678687633579442
-0.0065259281145028936
-1.0931195691977524
-2.1662002982627504
-1.8876980358904305
-2.7005491198249265
-1.4683689888843314
-1.460666532150681
-1.177650575515613
-1.4832908531755087
-1.1797997230085897
-1.7708609530815234
-1.0191010963957603
-1.7726728044870648
-1.6180932576437062
-0.5223921062076942
0.2348440773761134
-0.278897909427818
-0.47775075803520706
0.33814762793898545
-0.746968740008198
-0.4408582992351728
-0.4323324015189235
-0.5799366426632301
-0.9800766670082824
-1.2016580381343431
-2.3138220327225665
-1.9592041942593905
-2.397688563593121
-2.5814311509998924
-1.9439915239088539
-1.201986240846683
-1.086950741730521
-0.7186661282090053
-1.082725471220552
-0.9265926501041496
-0.3680414504919158
-0.12009049873779166
-1.0812923757941453
-1.2161251442713632
-1.6844990152637354
-1.9682484216152096
-0.7681075213348783
-1.3405087396878008
-1.9729101213381717
-1.6585400877109984
-2.02379695472639
-2.022919110930084
-1.9842431931959246
-1.7985743840459636
-1.5587556711521766
-1.6286117099902009
-2.032051279959554
-1.954469552809078
-1.245219454856718
-0.7583164974753108
-0.7426685814202231
-0.9869300360343286
-1.7718135788818627
-0.6444016369667646
-0.2133384160126324
-0.08538942165892684
0.07247767850174168
-0.2675135462932888
0.21855854413585535
0.632587627285739
-0.4474963771978162
0.37427991376115816
0.7622945720424458
0.7526472284951998
0.6848532255929184
1.4063643267707777
1.3564655952885256
0.7497551449047678
0.6209048044991828
-0.2674451891607698
0.4361222829150007
-0.527843427235213
0.36779793257248267
-0.42605845641374135
-0.2960215251758737
0.20395505640435663
0.6220346468024752
0.7326077554392283
-0.30028938260685667
-0.48159763105643194
-0.6364261098202697
-0.4162751644840351
0.4711995284614959
-0.20909224747667882
-0.07103202543508479
-0.2645654463002146
0.06958028610639433
0.7489522886609451
0.6196988530995508
0.745355888131237
0.7456690413005174
0.6251708572984748
0.7160496875426366
-0.025046659339039747
0.7000921240299016
0.7495217651716397
0.771728417124136
-0.5443662619922174
-1.2672558861441623
-1.793069363726941
-0.582182034327482
-0.7768851106659964
-0.5382612308852451
0.24437361667715438
0.3502327840303014
0.09106951550665561
0.4856997708345137
0.0637750630887009
0.923690842702732
0.960395488246647
0.34731955407480397
0.9419702790378202
0.6180796573344488
0.599706785004421
0.7519783250382351
1.117736578022882
0.8488221081265502
0.5136103316063005
0.6529892484862209
-0.5378118408526671
0.0696996751988427
0.4939115210622043
0.589291277670145
0.4022386876686851
0.23535995041141858
-0.04978085114671516
0.4598133343003414
0.5015565747323296
0.6124318782597497
0.4958705367497927
0.6861833455034592
1.0371716399594322
-0.27450469687236634
0.5716813167843815
-1.250768401591691
-0.34541159388289716
0.3277855135079904
0.7451136348018599
0.7342055992180104
0.902929619164636
0.8280855403294592
-0.2389052101735496
0.6280851631278265
1.2610974839821334
1.2623768700495333
0.6681958172914116
-0.2640449416859502
-0.6376321541764292
-1.852915440259729
-1.9273768852572764
-0.3944800730708118
0.8277327977474905
0.8263994126010665
-0.7904544862388825
-2.2596171413722246
-1.6454848718961266
-0.5823114380297542
-0.5807408586767637
-0.7022156053592885
-0.5947579373370674
-0.7006577308902234
-0.3075290652707328
0.15243127463851242
0.021947534230209963
0.11995179705686214
0.2165165270347941
0.3703988062924936
0.6249935003979787
0.3426176657540096
0.525642709088095
0.8741610382474556
0.8546389377853574
0.9860027460444749
1.4766476478722799
1.5875377863703741
1.0635482952745718
0.025279188785099604
0.13217821483006215
0.15243357701509058
-1.4501359031931078
-1.7363642225743985
-2.6057323555669862
-2.611544697882305
-1.1260512230051993
-0.03220187077647637
0.4479114369066094
0.5061957369083777
0.7155907520676792
0.5630075786082166
0.7379160116564599
0.9143483750095439
0.9956219414291902
0.7876088200215098
0.600998689753751
0.004598473837510915
-0.2199900128807519
-1.3453350394235948
-1.7918200060796994
-1.8892330478797292
-1.6835670699325236
-1.5010143187885898
-1.0871580903938869
-0.7509052796811279
-1.7679174300969789
-1.045168045369829
-0.050661396294951255
0.3604762513736371
0.8330750243752848
0.44318542300694613
0.2712568809340655
0.09518254293115454
-0.05709521794545392
-0.22220363661148618
0.08896671409391296
0.23492020237594183
0.28106215382159205
0.5474908489237503
0.05769636006850976
-0.6365902311402978
0.46501300930607303
0.7588227088194401
0.9298930078188014
0.9930737725353296
1.0792404184858355
1.5493782722626577
1.4943690563010037
1.5069139783686925
1.4910909166356308
1.3243906498229154
1.319515830780055
1.0989717206442868
1.5594449511641393
1.1036515731530028
1.4924091017356695
1.5804253969510234
1.6863178317527567
1.0160926327365607
1.764348085547829
1.7485412616793468
1.8137861244917246
1.0190969301723019
1.7062065772137014
1.4012287048566405
1.4174173931175251
1.3405640288892653
1.4241795731517313
1.3345424182848842
1.4107728421003898
1.5495809451974405
1.052499940380434
1.7119219822494678
0.9426594249289175
0.7654584369913339
-0.20220334046173807
-1.8536456906448504
-2.474706740834979
-2.1199197697426366
-2.6001988553775433
0.025074806255886612
0.38908788575021486
0.9269439275915534
0.46932562202563793
0.48699465204752584
0.8513786749311691
0.5487082731990218
0.8921365323085989
0.11038824465232557
0.14163204850647548
-0.1076953236788121
0.07714809454909512
0.2739926874277815
-0.4520006045895343
-0.5106733644615472
-0.17965887053205867
0.518849098589903
0.8161704120279101
0.21689697855249918
0.3173675628919711
0.29725394827011103
0.6405949157493299
1.0215534514014362
1.0119753552746895
1.1154298479361662
0.38160717936236727
0.8959081345795825
0.9884129238169256
1.156316389681051
0.9199267798946636
0.707497171571906
0.7993406407825129
0.8771477306850107
0.8128049446243467
0.902013355655052
0.889225522080468
1.0528457020945647
1.0296423715601002
1.0076105575718328
1.031510496883946
0.3532193293975655
0.6409835314883109
0.9176827646272121
-1.7166928312988168
-1.4934773045457084
-1.2782131843020201
-0.4059438734103864
-1.131778537225195
0.3776177083579257
0.391787690865281
0.11580434856601989
0.7543502887938354
0.8586490619686238
1.0119372800481081
0.9863816498722197
1.0234898595245185
0.8230192356227105
0.4213972872720939
0.4036627980837285
-0.9373070357279722
-1.729433791199403
-2.282011551992505
-1.9354368510340245
0.015732007941212784
-1.8884716443693403
-1.9221677037536773
-0.7684020955917061
-0.7599491661545923
-1.6935034929835253
-2.7135189189254127
-1.8227174392956829
-1.1016377992664454
-0.8825872924936996
-0.0752103066495704
-0.1860741137778946
-0.577066334668746
-0.7672901643775482
-0.9077252521045651
-0.056139455540091934
0.3312803146822043
0.724162514389005
0.76792104955032
0.7789122430519286
0.8412048268927542
0.8012677842970123
0.78545876113109
0.2032117368927636
0.27442496114619114
-0.3675269006469632
0.21008589852421963
0.21552427264254437
0.20236254519506655
0.20462255210596458
0.8115899435280015
0.9158665662022886
0.2686962022082424
0.860771286926426
0.6877401043112341
0.6578575735759254
0.04337289362770889
0.2178307915969256
0.06069669243189391
0.09302530360411433
0.04574010864645526
-1.442250812980587
-0.974627153699452
-1.993360071399366
-2.4330676869278896
-1.3669782572935643
-0.9226582981801709
-0.744080793542717
-2.4119927460991155
-0.7094686874481495
-1.2425434366126138
-2.237563742505395
-0.26014403859523666
-0.1591656654857622
-0.3113149976406005
-0.2988166001748486
-1.103016002464363
-0.9231074164479602
0.14009122283895944
-1.0872103751649036
-1.318197277025774
-2.1709555870215653
-1.613366153906306
-1.7264756817307527
-0.6174568858852726
-2.7981681836596235
-0.7688816323507999
-1.947564654074162
-1.72832404640401
0.034499820773799504
0.6709519169338906
1.0509321382457286
1.1125380013694208
1.0018701776238803
0.8364069794955457
-0.37365225644123085
-1.2760403465521222
-0.6543290684020404
0.23386981526624703
0.7609771587429497
0.48066253107622126
-1.3003816861084367
-0.5047377962815
0.1788523646184065
0.5096395257706647
0.8776050351047496
0.989521716980274
0.9278822283349192
1.0341568381128958
0.7328638933339275
0.9030241453423095
0.7824285255069486
0.8088328633997521
0.6688082687202818
0.8417288570711685
-0.6587875575948964
-0.4336029511996705
0.1122132762755925
0.8993635168394583
0.2080976307630891
-0.7137745718619889
-2.747271259874516
-1.1110326394707553
-0.07831224779522587
-0.9368102514454713
0.6344833486635926
0.8383311490424802
0.5761133515741769
-0.026907777709602784
-0.0750717448952137
-0.36381519825035474
-0.76212486318632
0.009346636911305347
0.6310008578753833
0.8471803441987849
0.6391537577517946
0.5839463740954484
0.751030465373425
0.815240574344637
0.35569435741967376
-0.7318936330890574
-0.5566903908135754
-1.3128658676129494
-2.2671132338380935
-2.0103533814752463
-0.6461671757529732
-2.1919621233457875
-0.5905286346792044
0.5516601835296691
1.1229089726756178
0.9520587124029268
0.27942403514743513
0.47224213602102827
-0.419465432596941
0.537181639183172
0.8001348213552754
0.27754344716194945
-1.3212053354135784
-0.1905758707269208
0.219945946766474
-0.08574463643265827
-2.6808195930628713
-0.5104109205571393
-1.7429072265372467
-0.32831588781523025
0.5406494719542884
0.9964263597212367
1.149805447366196
0.6255904074711662
-1.669703039184842
-0.5359013740141368
0.19214312991002794
0.04650461806514565
-2.5091426612511447
-0.19894843148138705
-0.28098634592993416
-1.2588481143208459
0.24289978515475916
0.345575252991227
-2.23122306223012
-1.5712405455729115
-2.530424182535845
-2.41303274809979
-0.8862915885117127
-0.9389889962332447
-0.6090988293162827
-0.461321684007149
-0.7381502657571462
-0.7248750771096147
-0.7167908219099771
-0.2506316446468369
-0.7177482360361819
0.24426610756643452
0.26576112886848097
0.43115760487006644
0.3420568320755387
0.2699696354896921
-0.5618634847073501
0.27707825776526634
-0.542258648813463
-1.510753424135157
-0.23940062780091972
-0.591423618940884
-0.6350500577773766
-0.0019476356909780448
-0.9111232856532937
-0.5422239993447319
0.12572381364721494
0.6458923981907156
0.956817326642024
0.9525748764136177
0.7967740961718762
0.8353068790956985
0.1469549653230358
-0.17030351380085682
0.03471362738578527
-0.5264741629458467
-0.5275025672504231
0.041287790539996046
0.07679952693236006
0.0204619335266861
-0.3841855827831811
-0.2510228799496545
-1.891550511972546
-2.6474331453003015
-2.663449870975765
-2.7376178768899715
-2.738882730461248
