0.3796679597774471
0.23736377542675116
-0.020994030298758015
0.14982399775741959
0.3666870624947166
0.2425023934480155
-0.044080283676970915
0.15664767107070268
0.017946645715164643
0.25437394069016467
-0.5527166073860699
-0.7624285981048834
-0.34934503463098415
0.0791525645178319
-0.25139862628474013
0.026097983863766668
0.28144928517531825
0.3312028736745007
0.2972931943641322
0.5562332722612293
0.5208442966898604
0.48697728921688604
0.6869579285273044
0.7429951453133942
0.8067207348964749
0.6930353811227171
0.8496305590817756
0.43695556563240734
0.3713736829550972
0.3011154239032679
0.22160779339897357
0.5520412371121687
0.4836168044607077
0.5778033298499784
0.499964038797525
0.2590179809662887
0.5243901146296425
0.37627263484250684
0.39167244539435714
0.4769279135401698
0.547513726353615
0.8575022427741761
0.65279847426372
0.333598287616158
0.3647188432787991
0.09439143106096301
0.37368021635157617
0.5569892221797785
0.5055120138687852
0.40371309736771493
0.1580057117958476
0.09822107342787746
-0.20021773541768018
0.2886430698479937
0.026734318967809843
0.28468200581796893
0.29475391018207636
0.16865030467088107
0.6511339754071857
0.5905734885670696
0.5781978881891232
0.07131990511336238
-0.00019692852881999473
0.02781291540157251
0.2021126037745114
-0.07714221650121085
-0.035790015192931166
-0.3043424272722902
-0.46671631487751725
-0.3775627798033035
-0.06897600062725404
-0.3169014872148296
-0.05799698664026303
-0.06254261329906008
0.4748514575245252
-0.24432863497777818
0.16311977580623058
0.46183408308964724
0.6024330162503465
0.48034101947927216
0.5228321046134367
0.7453283133929803
0.6462245885511574
0.3566176881082775
0.7403394733571144
0.9344950627075487
0.9937369322700047
0.949010436960463
0.9204490891151866
1.022397128296472
1.0837681695222734
0.8256982683694349
0.7319020510226667
0.800394031263649
0.15848740031609454
0.3307249042664558
0.46059684720252253
0.598499656280142
0.6557106143732246
0.6155748781562542
0.7305793546805209
0.6090140131692439
0.7418385293529287
0.5197700259673385
0.6494510409335545
0.8652685460656876
1.1314945459959982
1.0243276601477538
1.0284548010310155
0.8488549075667565
0.7873195263030327
0.7040950981664259
1.0522727220219035
-0.17103508488247915
-0.4573482406770028
-0.43870760990782465
-0.3771055449747235
-0.2911192353088862
-0.056336635582624646
0.1507707404658298
0.25011737427508424
-0.07552781032261402
-0.2407176260370189
0.21858388074323706
0.14671623002990358
0.24052421536282503
0.4411020497172227
0.5527613937449777
0.7297752139417286
0.4612836979072436
0.9079266400809932
1.2111989083963055
1.1601191928463417
1.0274494734340847
1.0700447304016705
1.2648518101652038
0.8301721819636277
0.6889616440505243
1.125318503851042
0.7223879629511342
0.9373099994440063
-0.9492553286177255
-1.363176739588498
0.30130148863169787
0.7045872396764865
-1.3668257164846966
0.5400593198558987
0.310384130248301
0.6860534427532475
-2.2624475350575644
-2.450951079048966
-1.3895458457006455
-1.1136755433388663
-1.7582441996966647
-1.650349167530506
-2.402521081106546
-2.050520708039047
-1.69889886522812
-1.602795077335933
-2.3469099843201584
-2.855926670698775
-1.9263026178188365
-0.7597367026366
-0.18210594741779662
-0.15226145249348152
0.2724244256061285
0.5757152932455912
0.5212736995820991
0.7534243517008375
0.8180822490082603
1.0573312409684288
0.8068173843618356
0.41075852264535023
1.0314729507547664
1.2017151769154537
0.9524347984238303
1.0165616728912241
1.2181550924759181
0.5621983238450258
1.0224897007676053
0.6762998546080397
0.9913402315236699
1.0825776082617866
0.025750117308299524
0.6705230997332423
0.7787124123093502
0.8773513517997061
0.12099458243492364
0.5967005316621875
0.4827610908377495
0.5969776023896117
0.9323389365386026
0.7259825376843916
0.4564844020358922
0.5855661933566424
0.2489537515060471
0.15301501511066026
0.2927760616718778
-0.9057911780677638
0.06513957525167773
-0.30056663266997863
0.13468724208066338
0.2932635535326241
-0.3854840212281184
-0.4050601685990274
-0.007013280515177565
-0.31736631687513134
-0.13381374156861336
-0.4704004373927028
-0.9899418736504046
-2.3322818316862874
-1.112547002017411
-0.3028174040316059
0.04809677763642202
-0.10619187925724358
0.2426496574941582
0.36256005291524257
0.3717893473245072
0.5420261203955078
0.4390652278604346
0.6360130982407595
0.8276625437138889
-0.26134574756975304
-2.2843764716773665
-0.6194522522691546
0.4196350937000418
0.20133224827540136
0.7860458411954084
0.4707507376738686
0.06022292587900079
-0.028066958528909735
-1.1341321041795471
-2.081134441556491
-1.659569280053488
-1.039039791161137
-0.6860946025956307
-0.7837359146039812
0.010808690798063594
-0.04233792959403149
0.01657520838025462
0.30353768545542253
0.44044760571910985
-0.783027811175811
-2.0811957155537355
-2.047571281442251
-1.2190598520048326
-1.0098376397634368
-0.5563004084657959
-0.8059869223797076
-0.24645443041053489
0.3744780262438878
0.6414070129627969
0.09617842149682773
0.22673861021703123
-1.030034092634317
-0.0736983741419945
0.15802339846311267
0.49963142209024214
-0.4525153672456363
0.18893052453600961
0.2073771973252815
0.34667001551145693
0.7114188504395716
0.1755179363166452
-0.16760386191488438
0.8433984566728839
1.0272704465758105
0.4782383453922896
0.38072404374275287
-0.227609888180863
0.37778378298531035
-0.28370297391775484
0.030005919694545375
-0.15521407240902338
-0.2234148916636329
-0.5705741323934744
-0.0021638316312675592
-0.6035944745907924
-0.8452803299350522
-1.0033271015010086
-0.49066214047807616
-0.9756978554825355
-0.8860868839303898
-1.049298679454911
-0.6903720705518978
-1.0303438708325474
-0.6270606654624223
-0.13701071760388836
0.09566824452506638
-1.2910580251735486
-0.4582062685769443
-0.5748628054935032
0.003529424673871811
0.5158450600487063
0.04901692339623504
0.26339598835292943
0.2341281630622401
0.6842447579603748
0.7430935928260248
0.8040345051144433
0.3822877111954907
0.6246739355738653
0.018447129549455127
-0.893078145449188
-1.6212345965294623
-2.3494751914572007
-1.2669671247881316
-2.529899886744592
-0.4583214625689615
-2.4835685652318054
-1.7146232805480819
-0.505276507048159
-0.707067507894977
-0.25669347363801887
0.19367090123812256
0.22567360535583783
0.4470437454608824
0.5632481734757206
0.42131020795746643
0.22826005633606195
0.1318570476613176
0.29499661445097897
0.5605285641404016
0.7640187356089777
0.9783738339047539
0.2985628404336408
-2.377974154409477
-0.5730479904172446
0.12914250280423237
-2.4777510906511857
-0.281246805917969
0.07113656515182142
0.12211767316659976
0.046762444222042045
-0.2846842123006549
-0.3656351067115334
0.0356517976703424
0.28913460921327344
0.427423250759786
0.2998596672513352
0.25130138328126633
0.09996100181089802
0.5283323359616655
0.7854634635817249
0.412931507569272
0.6616838097653988
0.7973925975960002
0.41926150106531423
0.4373774431521032
0.2824715728961006
0.26182288178686447
-0.05999132853195057
0.21675376183473885
0.48241240450264755
-0.7339744588140339
-0.5243443639857558
0.16356782058440472
-0.5777667797793785
-0.11528168950884364
0.887958401005836
0.9771839306694272
-0.45056807858201553
0.15523730643899367
0.5877377870103923
0.24306229459436493
0.7943856069861278
0.6694171711222
0.3909962654292648
-0.012940423750317199
0.6871603617609859
1.4783834180526594
0.22711301887701027
0.43256182654330166
0.6762934782053411
0.7034661589367843
0.8145610124933055
0.6556564148967624
1.1005536739502708
0.7564746612183425
0.17625614718661226
-0.3207796366327698
0.2809940088984609
0.5139158846079653
0.6868566929742348
0.7122206413394048
0.24863850302065973
0.6367993993128016
0.9937337402328053
0.6517280667633052
0.7374551189965698
0.7423551228702145
0.357553420427599
0.5389201530699307
0.47185037289865067
0.6899639952579115
-0.33974200577698166
0.3429444545583514
0.6226864564314998
0.6604274950515295
0.4798414033051138
0.05659041955425742
-0.7402640100382697
-0.17715004101690962
0.2976774615272655
0.5362697465367625
-0.24797687217510553
0.12185099900325094
-0.06373871444636717
-0.2633203396457046
-1.7568813105343346
-1.4568081968866058
-0.5135265545898017
0.014873182002611039
0.30937155165844377
0.00014218365197465492
-0.5993139683248232
-0.49317974091474037
-0.21260387740245232
-0.3138088105433949
-1.9216890678406227
-0.47972410480799527
0.14358370143961166
0.008441900487042648
-1.4344748175133724
-1.24538551884831
-1.4439065988912148
-1.0604558586651256
-0.7507687121526513
-0.9350758373025344
-1.405850624718255
-1.9372506663561093
-2.372530007663864
-1.690799807667837
-0.8688310062787968
-0.3734136821439415
-0.16044533510453043
-0.4021551575618706
-0.45357959485993427
-1.071101585414791
-0.722373709715339
-0.12251812394570998
-0.8385222344860198
-0.6661494571969931
-0.27794240895556993
0.011845677600838767
0.4865952831460289
0.20735606196474202
-0.65017336651914
-0.18009517297313785
0.3359867145847117
0.6602116982803664
0.8129373508708035
0.847569275095502
0.705678689640303
0.7697457049536253
0.7495741273715218
0.32901039627855155
0.6285956637743847
0.330317386313506
0.22107398840155448
-1.2363547811089377
-1.943615895153752
-1.321871017646161
-1.3936922749901937
-1.8320225173752436
-0.9489981145804836
-0.08571822739270789
-1.0131525934616101
-0.604029398202302
-0.6695397148679072
-0.5803438326726668
-2.3475863177111678
-1.4814835095245569
-0.6616027845126925
-0.10337197181113747
-0.2861165126774558
-1.553453635535827
-1.3353049359509555
-1.170276168008299
-2.082427427633043
-2.1245384918489014
-1.4628385841344331
-2.2302595084907813
-2.4424831940219205
-1.3265360999311926
0.07297311252339397
0.32495579619764625
0.09981467928124584
-0.22762940000438608
0.2661162715981279
-0.23010058682958837
-0.0004336595728082323
0.5866291932996298
0.4900140793963118
0.4397706646791374
0.6958877335899789
0.4588320918412334
0.6293375670067974
0.5227613168681081
0.47006332898444414
0.5633960909052783
0.09247106399002135
-1.9102553592202614
-0.910526777499654
-0.5096551328308948
-0.1266861481675228
-0.034935020927564134
-1.1620600415993168
-0.7773298799773752
0.31858160549498404
-0.19406325795537518
0.494902849275966
0.7573060563172598
-0.2825138534285984
0.646146497693674
0.7751931016177329
1.019271424709544
1.1528978540017423
1.1186692301234362
1.0071318283348565
0.8717929748483721
0.8996923387708682
0.43314161695801434
-0.43255262983909193
-1.7104511643087867
-1.0380375580234065
0.17147677118779736
0.6493645010217276
-1.8470045885122364
-0.9116932323035264
-0.5815166167290161
0.12126966587560446
0.401671274090019
0.37070534479991785
-1.859392973323936
-2.4271410347915636
-0.5038040385115783
-1.7411813656101434
-1.0706002625587938
-1.8316791577695253
-2.6266356074515627
-1.0026112145282104
-0.5442357905688887
-0.9833749215554813
-0.1900599195404426
0.40011172065887307
0.41329739207368427
0.005141178189677286
0.4007723399118591
0.605540432341923
-1.3664227489496739
-0.42422828672721546
-0.0335826036506729
-0.3268785177299848
-0.6027165656770046
-2.0137381984014353
-2.485340537627535
-1.6657118756419886
-1.0005187974955612
-0.7564291745176609
-0.33658363231198635
-0.5207475817274994
-2.0604586326050094
-1.3757520993337693
-0.287242792421876
-0.024406405640237588
0.20983024720257654
0.39589745533524584
-0.21875396894871918
-1.0535469062910618
-0.8762862105453783
0.31661401969381825
0.5117270915468266
0.3051614916091781
0.3822571532449185
-0.26805318464489836
0.15568839117162053
0.09189369828614828
0.03558072443772987
-0.09804855042225344
-0.505002188650642
-1.577487547010535
-1.9489292849940998
-2.3811657509058812
-2.268560776214584
-1.2879655412216273
-0.8650761777774447
-1.7148634636851614
-2.018231639056808
-1.1639410776801544
-1.8093471159325911
-2.069009110543066
-1.820466717806988
-2.1856741252748217
-1.7590927223326989
-0.19890952461154848
-1.0542279637191065
-0.4055911556145679
-0.22072253227182118
-1.033985752054926
0.2576155803530224
0.06218284344245972
0.4095555547156572
0.9133967476723647
0.9742183202285192
0.3527012197676251
-0.07772309983871376
-1.2210361881757597
-0.2907636375172184
0.11376240218009356
0.3699941524457273
0.1829104776490032
-0.406363889852534
-1.0248638342437082
-2.0088954286893905
-0.9609593212254148
-1.1226634457351392
-1.1694123365073792
-1.0696967398636994
-1.5916342612827628
-2.3531753748665314
-2.5601634669075453
-1.4430947148195286
-0.9252740998359561
-1.0028209020534489
-1.8579426985676197
-1.3239949151843151
-2.148791656125967
-1.7845804705470805
-1.9764571957847576
-1.1909728098403218
-1.2938989275006112
-1.5095606769565706
-1.4642595394553635
-1.8060702816791807
-0.7372444515312916
-0.09918107369981291
0.3625017621635168
0.348734065402377
0.20202790769214368
0.2872783776678003
0.26778446393459576
0.18262819467787103
0.3236888671046666
-0.6766693542068163
-2.809079933386811
-1.3614117433163726
-0.5079116619383421
-1.0581804933903303
-0.9351924580177887
-0.9187554240399132
-0.31442400484922545
-0.8934920899500949
-1.143891564594332
-1.3039345274885474
-1.8239430478765215
-2.62639307272053
-2.462543389451628
-1.775268259298897
-0.94796428415827
-0.5447896722423585
0.1004280260562788
-0.14412794885581182
0.07397037142087307
0.25390835306012116
-0.5298178051958623
-0.02829902734308698
-0.07536343385169644
0.5359808889542973
0.13166234692031026
0.5998531443307192
-0.027789518403843617
0.4891275166591686
0.568648249505412
-0.09720817571885584
0.31307220151517434
0.437942607478028
0.5259628578150037
-0.467798424006486
0.022693081985180774
0.3321418093734354
0.4588221454124575
0.5333509798573238
0.5401864552396586
0.24293252374471225
-0.19398239194978337
-0.5088328961743301
-0.4441525313100832
-0.3179242459510604
-0.1487607657301162
0.461435774211782
0.5574110999692165
-0.2257811645675778
-0.5200179981766708
-2.10958133299487
-0.1903656930195418
-0.39150379282764536
0.23005759181568877
0.18294844096408358
0.1628284083186004
-0.6432902091404953
-0.7671872944073208
-0.792263213010055
-0.17422788331084305
-0.33140107770697275
-0.04512188591142636
0.23524529203247044
0.4533367676319528
0.37931696875577764
0.3398509072892149
0.4214753769509354
0.24624536839668656
0.30813678311341125
0.050018074131493985
0.32484937827460225
0.34701870776292015
0.44474317337697256
0.2750604178506762
-0.20149178476567634
0.25429104646006373
0.43266071591115546
0.25089580160870467
0.18388145224001226
0.0338754216683189
0.4655633386128742
-0.1263718665627443
0.11502408859228501
0.3371644143864536
0.24747801612244438
-0.9272023986470216
-0.26373311007704936
-0.3331974227158104
-0.05067281164914766
-0.03455657108398725
-0.03558988034882166
-0.0025867000556854974
0.02976279378419461
-0.12315334321055217
-0.5795963733300722
-0.6737068529764639
-0.41219651076427144
-1.2926704953807509
-0.2079195101723073
0.4174583971605196
0.37760548453603554
-0.32077271335825686
-0.5962980874568277
-1.1363789138483378
-0.5968690581955478
-0.1771784906948357
0.0602938243206785
-0.11889256477386652
0.0909638576958937
-0.523654183513165
-2.43568407937511
-1.8181006247365212
-0.7308758349296465
0.03286803805533869
0.052939250610713987
0.4415898758395208
0.13459238115265187
-0.1227740597199126
-0.15202012100359089
0.07120842955116122
0.17928975007954287
0.1415420989439598
-0.6034102271661163
-1.276604120378686
-0.33296505025068857
-0.3905529901273516
0.10248940516671558
0.017349448884456022
-0.34031422178604354
-0.14165067591242958
-0.25637225771465355
-2.1618517819892396
-2.352125667055257
-1.565268968699082
-0.18336330840662796
0.047876930697608226
-0.2552302735953993
0.35836675977592103
0.4377273881572526
0.5323478466055261
0.17201019836482007
-0.43286754197297084
-0.5656287054054866
-0.27750008888197947
-0.8866285467079056
-2.2457220175212282
-1.224928176601751
-1.1959626347078938
-1.074376389080501
-1.7770694467056007
-2.414016938310113
-1.8456181039098962
-2.3231812266621503
-2.4131795905357873
-1.346850349240641
-0.4511502562246864
0.06123259673388136
0.1842423638906116
0.33633819736364473
0.3050661454436549
0.19888033191228752
-0.7964581755310276
-0.7587068896239967
-0.16822060375352674
-0.050918488984693075
-0.4282838196078886
-1.5790066961955946
-1.161310192367828
-0.16843327678995332
0.2547409287558987
0.5595501410738786
0.49005294924685916
0.36154082381548497
0.6308757020725333
0.795005996950807
0.9667481200339659
0.798906479335239
0.4496772942487079
0.7271613486002436
0.7851238725171363
0.8973913566755581
0.12925840081901613
0.4532322290163087
0.5486058677408395
0.5742261015089862
0.4995064909938729
0.40997421867693395
0.2099052086830203
0.5364753967086302
0.48549961310926204
0.2805972770817885
0.5259626082580001
-0.03978613338648781
0.30490993296070074
0.2828776958842421
0.07655930625484883
0.438118054943787
0.6451900510668062
0.6151204756650221
0.20025719171194226
-0.33250950210172625
-0.10097290002640943
-0.7028291870853071
-2.0829269697391246
-2.334183842274871
-1.1626413472772097
-1.4123123878933086
-2.424901926263654
-2.6075190619495823
-1.0559669863026198
-0.17039776702144885
-0.15971348176148753
0.16628540386717658
0.38316554272548903
0.3228949845221364
0.26395879573756625
-0.8880338886131157
-0.8778616092030074
-0.10613148172743872
-0.10828857494316017
-0.30071852561668916
-0.12055169781772583
-0.598419217262709
0.03958550482777056
0.10463117924411384
-0.8597708689313664
-1.9417395009681717
-1.016618321002259
0.4438316160288907
0.25976614289625505
0.3175870032549003
0.5270035808119908
0.7682121919141769
0.36923159379727555
-1.32090050619902
-0.5351451900427595
0.02701165734120764
-1.3840421282806428
-0.25088979257178795
0.2572145261384308
0.07159124113470042
0.369649505929052
0.24759303440664265
0.30951185145587595
0.44322121428307987
0.3674762976668455
0.2803574620389132
0.11510776210884137
0.45922392789742794
0.11736591953077316
0.1796335409509153
-0.0792892986356807
0.22508463467736092
0.2750769200118876
-1.3416279504882849
-2.3578957753577865
-2.3714969739219045
-1.0402808461097248
-1.3849201345649358
-0.18577239567148365
-0.08450855627476934
0.3007878084120797
0.18458534763792248
0.26879457571277643
0.04772626046300509
0.21239519223192962
0.17504717818296686
0.195443489162035
-0.9242735993741535
-0.3272058625966995
-0.3408213485538815
-1.0782048972002585
-2.13812613824076
-0.8664390878238775
-0.17711640183608868
-0.7993908522051089
-0.5040975457700576
-1.631215607381185
-2.2415857527419907
-1.3049336629224775
-0.37548399909821234
-0.35669398521479784
0.019290892143633186
-0.386275006554306
-0.33051579639152917
-0.15995232984544147
0.052366759299807504
0.1813416345277516
0.10236887627323268
-1.0679761698589663
-0.45186430893972324
0.22925054852688634
0.1340039717385091
0.38437485968098145
-0.17000149539742013
-0.3337565999558792
-0.4728371847479392
-0.737348155100304
-0.5192254182289439
-0.3456811136502204
-0.3497565733876956
-0.6108850405089639
-0.15677926917957558
-0.12557531445296377
0.3806494079112762
0.7489772639685398
0.7439486451834885
0.7580738806435354
0.7026163709067325
0.8337193962265701
0.6213900788735867
0.2030364655885353
0.12219305785779463
0.16175278746519633
-0.5054017932039293
0.24225087077098204
0.08294913138729851
0.24833229428743914
0.5195067650513504
0.4698326754154167
-1.384401386484535
-1.6325054088380813
0.02861752242088295
-1.165108214787143
-1.1912767903496095
-0.5354895475256385
-0.9740189792250717
-0.8251170510409196
-0.24950607648693804
-0.11003717628013465
-0.2765269078734388
-0.5217007073334459
-0.8420924781197738
-0.5192039585336417
-1.725837884881323
-2.5137203549728837
-1.6407373219022292
-0.23255303785348141
0.2795447672441458
0.10737230968135732
0.2774152301909496
0.31816290067819336
0.48646358593146244
0.42302015800957715
-0.12747657865569834
-1.333142298462271
-0.14343916112228364
0.4056954094984272
0.3324834592205562
0.20948821428130565
-0.8424403024842021
-0.31488273149188634
-0.2505244490818507
0.16331317199947587
0.3607958541585859
0.15109254723064325
0.49992788804591176
0.3612591253186688
0.27901729280391063
-0.10190663506662652
-0.4059033112587676
-0.3989892066690625
-0.5492148312008117
-0.18575989694062064
0.025104903745347667
0.38449379568089787
0.15609814208448514
0.5034312944539312
0.7897366247310352
1.1157020442448495
0.855425601968177
0.9949239364355191
1.102052181153338
-0.37512812209077195
0.6138942920654669
0.6123565492096705
0.600293915818421
0.32770405645667305
0.2034984623844714
0.40553033825690415
0.18667252416629349
-0.1315004450862277
-0.29266963468159846
0.06139286145631741
-2.2398334001402507
-1.5468741971980198
-0.3752222562281459
-0.15300809841223303
0.2131480528424285
0.37194911848275386
0.5910812973715418
-0.9314078513901893
-2.2819546754106175
-0.8889091407717854
-1.4905100780967822
-1.495729072654621
-0.5217231896305018
0.23944762049497134
0.5406370664615029
0.4355364261456502
0.3087366744911436
-0.5263519722676437
0.00588100966904432
0.33831419354353126
0.31430230214336924
0.2300531267972583
0.5820692400664444
0.7758662762596186
0.3796261853600238
-0.21370690503672757
0.23916734812336302
-1.0162223874770566
0.007828142038312514
0.3329705442495423
-0.006803601883544944
-0.6810193461984062
0.43003127074485975
0.469144351776582
0.41255209512786545
-0.601142149328223
-1.0998233054660622
0.6062807993013513
0.9112282973252365
-0.22501174418548772
-0.4133102225394669
0.1664967846976224
0.5737055440450592
0.7483318287124164
0.5673349699599052
-0.5820019128289139
-0.2729158835098334
-0.05240386696996543
-0.1397856035265698
-1.671881504297983
-0.23887101047839598
-0.274288542136713
0.26384898463240974
0.11876929967907483
-0.47230474391890936
-0.9492831150801907
-0.30150729606473314
0.496405540733868
0.4609557377716969
0.39235520923066974
0.8106862650549055
1.094826595746859
-0.24787544981197246
0.38457694199894205
-0.36074295569103415
0.21004620734538518
-0.3800789786760726
0.8382242556075805
0.6586436929926041
-0.4982995193772739
0.21850506688519794
0.28942852598967417
0.14143859116956803
0.3765660937319896
-0.22180725807629015
0.7851174425452644
1.1170967817803494
0.13363522963267413
-0.4958262311678378
-0.822762912947469
-1.0094548832100616
-0.5696140593975311
-0.6035124688092307
-0.009696923302962858
0.09574454465126613
0.2770374701394211
0.18260512323521091
0.08758908078416831
-0.4357992767883195
0.345640162444675
0.23545449882070235
-0.09990495155335515
0.3668098818001239
-0.0009730491129795103
0.5785622955128308
0.09897599619624173
0.7552009531369144
-0.3293509092942085
-0.5008823056038553
0.15355068703746427
0.11439165058048872
0.1336235162863991
-0.2494039682891939
-0.5018776456601907
-0.06757054856663346
0.3343844054650541
0.30078339782657126
0.6939494871438414
0.7153653673487518
0.34717394225957177
0.7311823129357202
0.8009572458415494
1.077904767700973
0.5804770841211587
0.7989892713790203
-0.9487173215556781
0.04931303606305002
-0.720151531654515
-0.0863105266756871
0.29246134908406324
0.4814397269393864
-0.12342596159411337
-0.6431028314706531
-1.4464192345701636
-0.7258925394590922
0.052091078470249026
-0.02510135642525309
0.207568803327467
0.34542761630194935
-0.15643729033538398
-0.2316307595751434
0.006308690060897594
0.25152258163734514
-0.16055588233001242
0.40002973963490807
0.22954426355115087
1.105731115617333
1.0574344173438492
1.0366798832632673
1.0120714735911258
-0.10792487456508956
-0.3148126027782861
-0.2418329920235336
0.009718922561244946
-0.3095324281803104
0.4372256787714815
0.6113190152381452
1.0221821570009568
1.1647043918400464
1.1352381717469375
1.062766352879573
0.5442917075985969
0.994775043511922
0.9583838668099668
0.815107416919455
0.46796788121050764
0.5096242437678874
0.27553951527465337
0.3227432223905659
0.5266372564588834
-0.5326692062944203
-0.12507226108226832
0.28231817156936007
-0.4536985546481485
-0.39012154018103784
-0.44283099548701993
-0.22015508717022536
-0.7947650257367105
-0.13854087375058532
-0.045195705171601756
0.2387850425518335
0.07150573366611142
-0.21632139430855032
-0.10291074949261736
0.20234853586621812
-0.3053208484022783
-1.200396283523175
-1.6358120382709997
-1.0738324345224814
-0.8856822108250763
-0.38106023026201646
-0.28394899370361393
-0.4364085678710024
-0.3982689203708033
-0.496939636068828
-0.4014501050076283
-0.020933810951463468
0.09786068161436122
0.27212928853042967
-0.06013441499967359
0.04361124656240665
-0.03485572599950652
-0.22292170670700204
-0.17266880016964006
-0.5332482703969122
0.32798123021666564
0.5307372143027506
0.4546117165731065
0.5698164892349465
0.49415293367604113
0.2684428888488089
0.42313739479691936
0.42819774658981336
0.5948539626747503
0.8078251520316292
0.5379669231026407
0.586908574567352
0.5807179903489715
0.31276269169186527
-0.22808804440635913
-0.2898267714132407
0.0912399333017385
-0.3447726613776557
-0.13214511731675177
-0.07230851338510982
-1.3407946360469716
-1.2113141578588316
-1.86465359953401
-2.037982219640226
-1.9744721271451142
-2.3303124822720056
-1.7717826907510126
-0.555127197676825
0.07333567481340543
0.1345521989384991
0.23726902515056664
0.19020026716745195
0.22665683877393442
0.5040313201390769
0.6151841576086365
0.3855281563732034
0.23423671972721774
0.2696174439109975
0.055927747992476164
0.23383657291264998
-0.21821310312604641
-0.18206443278237053
0.2541796231306463
0.3118855574873672
0.23968626118569206
-0.603957932003308
-0.20516755692907104
-0.010238540287238323
0.43612559639327
0.39389264513957073
0.44995509528855493
0.5471447142016608
0.4080272457323522
0.3405575765794776
0.5052493965205289
0.3815692181533351
0.09972460435328827
-0.09529096365618257
0.11522693567725319
-0.5892353710477851
-0.09732975401396846
-0.35009783746810197
-0.12528747825492756
-0.8593132781898678
-0.3856103704640654
-0.46809250381638406
-0.8913415617061929
-0.443897507418347
-1.212954732027905
-1.8071691137183528
-1.3612320046011208
-1.893604555699945
-1.4137921974789645
-1.2805430859803584
-2.307798361336508
-2.4247211146996395
-2.356704932517301
-2.6982216659109746
-1.7184790798108913
-0.8390637288415598
-0.10547089004395839
-1.6242601135914432
-0.6958461990766659
-1.7264493961086214
-1.7400985198493515
-0.7226594367036547
-2.081185749217931
-1.451848129852501
-0.7539388508714782
0.10706743137364852
-0.3171848746102514
-0.813316354228002
-0.6511565167741217
-1.3793988930457228
-1.3651614714917277
-1.073116599331312
-0.8107684655995275
-1.050806081663517
-0.5409305586684748
-0.1704812011406338
-0.2523255412717554
-0.30904037929586897
0.014884954307792147
0.3767310748509948
0.3997892377512141
-0.005038475968469375
-0.06501798713727998
-0.24469612524742915
-0.3176468250509129
-0.07332304898969481
-0.22484594705442815
-1.8520946333030182
-2.0023995854692624
-1.1686863919885748
-0.44145415815717703
-0.662960499781886
-0.4638656413348063
0.10335992247883173
0.1056876670306923
0.14052221343981747
0.33873823619959836
0.13252798041107983
-0.8527138311841665
-1.4845928328029019
-0.45327952219111445
-0.14189443970104842
-1.0570452427530301
-1.0512960203217336
-1.4363213557771932
-2.092932838104836
-2.114372069448865
-1.3339799284990632
-1.4060836697344603
-1.4008534551504368
-1.0491769987367174
-0.7196375766163472
-0.33998020973164494
0.0163673579762376
-0.5538146640161039
-0.7877114207481569
-1.4024233110698225
-0.9119137901142998
-1.224924881435997
-0.17499377711191405
-0.2350556719456529
-0.9084172926186848
-0.07299197544924423
-1.236436766652171
-0.3520536626227794
0.18252554926097214
-1.002188493728451
-1.0710548127145147
-0.7385582474424316
-0.37647257030705006
-0.8802594223533263
-1.8157017082860538
-1.0631721778082457
-0.7260127267992144
-0.906840485370134
-0.9038623644972777
-0.524858067536322
-1.4287070453143669
-1.8285793177768663
-2.624958074261368
-0.7778854688952194
-0.31902669526547495
0.23379628570633434
0.5466564472527147
-0.08368987601068764
-1.3283895176135883
-2.3004189234680723
-2.162217518168595
-2.5363554744970727
-1.4515717110715618
-1.5109776423091366
-1.3123348550058758
-1.5357468910657526
-1.1933592787081895
-1.7808602951600927
-1.1245790650862764
-1.853999088004556
-1.5152088612579686
-0.45020608361491304
0.04423501710684008
-0.1581231177041526
-0.5104940798867407
0.042480770339969866
-0.8662372016991365
-0.4359254898936406
-0.3503153861446147
-0.6529839701699881
-1.0905633005189943
-1.2595970582983895
-2.2438936343121765
-2.3401388918389787
-2.4304423437943368
-2.53318746093575
-2.0891207789791166
-1.1708378581363579
-1.0798907500535193
-0.6647591977743509
-1.1177783869382247
-0.7642249134876405
-0.3064373098131838
-0.01646771406572111
-1.1505425965370748
-1.232771056067291
-1.7178422514832776
-2.065787578250633
-0.9317151602509934
-1.40481495532083
-1.9801907583414358
-1.5310414631205138
-2.0324970484819027
-2.2931887061367857
-1.9607290884012922
-1.6465414941282805
-1.3998803199848973
-1.8024327669648421
-2.2452721863198652
-2.0835245082250156
-1.1178579310235948
-0.7965254039715246
-0.6688177634668564
-1.0895914609283357
-1.8250149858492788
-0.5118328153967664
-0.292103294326797
-0.2120622790851972
-0.07031031525327197
-0.34103908127503196
0.13925431457439982
0.4326094083212473
-0.25049167692757146
0.23412254137407332
0.5870410693826003
0.4613052208938177
0.7967283872937759
0.9117242907315161
0.8996598672365097
0.5014081444853044
0.5656502764888288
-0.4975417626419829
0.1826001075571477
-0.631998850949736
0.3254134185168386
-0.39243080212739534
-0.16688477809140329
0.136746667652019
0.5656663830074985
0.40095576661869137
-0.06281989681183824
-0.25247967069394056
-0.9918168482220543
-0.45060016218576066
0.29297851748302034
-0.21439896416725016
0.05306320061897419
-0.29806027219755155
0.11514093131214058
0.4584831742602501
0.44862527738885455
0.43614051938028275
0.4987719106907767
0.4657814291327872
0.524692104209123
0.06975077261299054
0.533493953709398
0.5184879235807127
0.4994934381658474
-0.7360135435032616
-1.3571143812306776
-1.7803766158329104
-0.7332083386553246
-0.9982912794628511
-0.5356580714445597
0.2090528455955655
0.29004013455951494
0.22720776977122573
0.37169701425236656
0.15869650765061102
0.8429313112054893
0.7555035555624103
0.37325197096381485
0.8681949053607444
0.46939118819992093
0.4746995008329565
0.5805091724440385
0.9885607908992761
0.7063367319377086
0.3155613898382619
0.49705724911472665
-0.7203232722061911
0.06070265555726836
0.3460072235571963
0.48458534292925914
0.32073966782740176
0.28140618633388836
0.09307204843969819
0.2155291567089017
0.19069510133890574
0.31164690307224097
0.17347890744373995
0.6490402140586858
0.838608557836521
-0.37990714402475356
0.4438537846582404
-1.243542084324733
-0.3761722696387704
0.2306757253280911
0.5935377942785092
0.4850650308072114
0.7475542677044941
0.6493228546027636
-0.13845703078208174
0.32365212923105224
0.8323380770789761
0.8914150302252636
0.6139019502611293
-0.39391733343652463
-1.0087566969131812
-2.04614470508518
-2.215836215909271
-0.5264697728972252
0.4707539421272663
0.525853190822142
-1.1352092366894024
-2.239187988303822
-1.6883464761927918
-0.6566202188098783
-0.5600948211903267
-0.544000666995838
-0.36768858672874993
-0.559990145865356
-0.22121679518523507
0.32716950576307197
0.23959370074544253
0.2998027789805394
0.2942921762081377
0.30354764907994364
0.5334909850743753
0.3301533232478961
0.5494716941294884
0.7670571109040913
0.7468543404343487
0.8074663963890958
0.9888152356403376
1.0170206675867017
0.9377207694576093
-0.09504113861915904
-0.07908781536683633
0.0943693423737566
-1.3175707945677384
-1.8104922615191046
-2.3980535620144985
-2.4974226654522673
-0.918854490537046
0.13480531155928357
0.5777873030768551
0.6169971812911802
0.693180076445573
0.6699202287616387
0.6857153708537513
0.7234453080232658
0.6895984491825519
0.6880294289048013
0.583642493643862
0.22472907875616474
-0.16009412554414157
-1.1796590646848024
-1.7770305032278715
-2.0445812402389487
-1.8735940959307578
-1.1585502988691891
-0.958454719480228
-0.8117867805404668
-1.8050217665852661
-1.0166203844922415
-0.15883918288936125
0.2540881179125991
0.6451145488102427
0.4830807071219141
0.1837360047627767
0.19096077901291306
-0.07372631170793353
-0.20723725808768667
0.11163505152374142
0.45580866244425045
0.36722959472486366
0.5213942444946517
0.10488566231955812
-0.6989122122061093
0.4222703352931733
0.6709378132918106
0.9627405657233145
1.0481480176408395
1.1524373884925525
1.1817777351160064
1.2088944956747552
1.1861609484266624
1.3198583713219825
1.2659597036842065
1.2894563258505616
1.1612281960863597
1.428379530360374
1.29312836994118
1.3310350840937593
1.4043752797011348
1.5280851440864147
1.2402560290522355
1.479131724984719
1.4747159760123123
1.5645869434240123
1.1214875990845994
1.5893279667204012
1.3854419627543475
1.26892017604676
1.2401969809887323
1.3062834054036965
1.3952414442942618
1.3855741681350113
1.4465564249355884
1.2416483028757817
1.5750485905495475
1.134434770308262
0.8543816019792297
-0.20820082420268443
-1.9743890495077865
-2.362099314145801
-2.059834010005047
-2.388488278889013
0.14077234357276117
0.6410203871908096
0.6695676028272893
0.3315190410128341
0.5120351118429168
0.6927037507424945
0.5902524006020362
0.7335827916681212
0.10415000914824168
0.19557611497164198
-0.049950727672588645
0.1024224286260003
0.40826494426829874
-0.3673583944218791
-0.5171150718759737
-0.0980524916997058
0.531351297210006
0.7755439415262735
0.23127448508705342
0.48455918282849514
0.40448384397960974
0.6977539323889118
0.8744179471547611
1.0525469197304334
1.219758800282078
0.492893719384584
0.9661772377806004
1.2895867121864637
1.275297373371776
1.0925205250410934
0.7925729274482235
0.7823559236842462
1.000254030479583
0.8998802803088524
0.951676415933313
1.0307820024428378
1.0752228747026276
1.124802232724355
1.1478600732169308
1.164005171552997
0.5800375108908342
0.7250497698871179
1.0482234072394807
-1.6162686508916757
-1.4051336992749075
-1.1432028898508508
-0.2529479829595397
-0.839554506693305
0.23116593003855307
0.40245558938762854
0.18273787980438042
0.8128077244339412
0.7722503517351694
0.9895988781793816
1.190730471551138
1.2933971641308435
0.961239931974856
0.5071404937799009
0.45508555879823953
-0.9289140590800281
-1.778842267472262
-2.298756096378873
-2.1091942236814725
0.0834682577552258
-2.0341335111537187
-1.992294139994821
-0.7559027310540555
-0.5923075139098852
-1.7039935177644754
-2.6852455302332103
-1.913265579769506
-1.1821658903184034
-0.7477147521965563
-0.0731204186089517
0.033101817150207734
-0.2397041309737456
-0.7776449583566085
-0.8463332776341492
-0.06713623807698083
0.4371348938431078
0.7145416008442534
0.7928965254597903
0.7700554926470694
0.8999716867491835
0.8745049838673159
0.96481694393451
0.20996938328325127
0.4472992162609951
-0.29415811826393173
0.3109713007521446
0.4603472886222318
0.2571322862662545
0.4895307210024685
0.7835689442645493
0.7687954524391323
0.266454898826217
0.9254226374412314
0.741540424046485
0.7632929156689034
0.1104678289038532
0.22818438262332771
0.1612122583783928
0.18378045426658313
0.16356858573597313
-1.2517044237864323
-0.9678638668143648
-1.8867363054862085
-2.2037932713842845
-1.1306037255249406
-0.790433760501715
-0.7008324383889322
-2.2937465412413647
-0.6659311284636568
-1.2514062662864716
-2.080785386572952
-0.3002525340226239
-0.003310426323779315
-0.34290805849261613
-0.2829622080618595
-0.9221877431084581
-0.8294570668641766
0.1928989541929258
-0.9047407949780901
-1.32045779955553
-1.9906931050608445
-1.4121302152400677
-1.7138277794095222
-0.5176826224419827
-2.4482758781734515
-0.8041749809346471
-1.8802530111864841
-1.6278003160462993
0.01585320060029746
0.9394648628363439
1.1179916203501357
1.180886210749316
1.0370209531332237
0.7293560611719621
-0.4137707354249687
-1.1140019486867732
-0.5999505006630802
0.20069609207632697
0.6905424858223419
0.6944383973772305
-1.3499584849786648
-0.3318297338995689
0.38745713743948607
0.5359313742275681
0.9380033448666099
0.9302443303872374
0.9607093829973515
1.125861048430298
0.8351026183829511
0.9862181970786799
0.7438856490841087
0.7099502323455071
0.6908000113912889
0.8182911617829222
-0.6400755565134867
-0.33523745706775226
0.3238814736855454
0.8667556331915302
0.21473089731350076
-0.6556827798210488
-2.6425598311275222
-0.9530330842427556
0.013852241063041199
-0.5993675661119282
0.6731264626211874
0.8792027066214256
0.4876829194866116
-0.046137100449099334
-0.11212433526673536
-0.15551061817207754
-0.6647208390142314
0.10887933942810599
0.6287395596767634
0.7535711932757038
0.3701957463979121
0.5301184972027195
0.6113257616824844
0.7258778806845897
0.3628340457842955
-0.826903216161182
-0.4734060947766637
-1.466087626661285
-2.204046304893947
-2.258231909066073
-0.6017199962596604
-2.190038696220138
-0.3670496637588951
0.4685717663317845
0.8954713700145804
0.7285217914634823
0.3821799148876514
0.5669982835094315
-0.2891690447639511
0.49324235725941756
0.6238198451065528
0.35832433907014105
-1.2800393172428122
-0.42284319557195976
0.1418521607590973
-0.17015559759742518
-2.4751597569025092
-0.5128702407839553
-1.588843271379227
-0.3165194454316324
0.46554152683181943
1.0543650285665838
1.0010788670275208
0.6522412196612022
-1.5432769991805517
-0.5044985806631114
0.4443397452677266
0.05143545565207008
-2.0887341741839447
-0.22135511942098127
-0.39242273202942485
-1.1087514551759399
0.24694787932149764
0.1965226502905691
-2.125397563147451
-1.6496827637105353
-2.486679303427038
-2.285052512336083
-0.8415314136364548
-0.9839426260865974
-0.55422455308564
-0.5157115626437045
-0.5611678835730302
-0.5201234413725382
-0.4610027805191938
-0.13485221890928153
-0.666429437355671
0.26228498676672046
0.14710576600397568
0.4055803269389388
0.46957959977453306
0.1567414224693596
-0.4439148264319238
0.05798784912539279
-0.47841172818154537
-1.5177418333690273
-0.26626350717633623
-0.5992295986941496
-0.630070345365673
-0.04107977587722078
-0.9112788986627673
-0.4452331515085988
0.13117227157649333
0.6661219513937117
0.8248845230221757
0.8240255352672279
0.7003070364898943
0.7240194037785445
0.10367778405513907
-0.07022490107415677
-0.044153454032604324
-0.39278499206822115
-0.3035025934341945
0.16553432644392463
0.26094742539372884
0.1339397772850631
-0.3787997063059846
-0.14382351515382627
-1.8456440167927808
-2.5612838931271034
-2.491724544258371
-2.494437410275212
-2.5158238441401375
