,confirm,dead,deadRate,heal,healRate,name,suspect
0,47824,2104,4.40,13328,27.87,武汉,0
1,3516,113,3.21,1622,46.13,孝感,0
2,2904,110,3.79,1948,67.08,黄冈,0
3,1579,45,2.85,867,54.91,荆州,0
4,1389,42,3.02,611,43.99,鄂州,0
5,1307,37,2.83,693,53.02,随州,0
6,1175,31,2.64,701,59.66,襄阳,0
7,1013,33,3.26,613,60.51,黄石,0
8,929,30,3.23,396,42.63,宜昌,0
9,923,37,4.01,508,55.04,荆门,0
10,836,11,1.32,607,72.61,咸宁,0
11,671,3,0.45,372,55.44,十堰,0
12,575,19,3.30,356,61.91,仙桃,0
13,496,13,2.62,307,61.90,天门,0
14,251,4,1.59,164,65.34,恩施州,0
15,197,9,4.57,97,49.24,潜江,0
16,11,0,0.00,10,90.91,神农架,0
17,0,0,0.00,0,0.00,监狱系统,0
18,417,3,0.72,271,64.99,深圳,0
19,346,1,0.29,231,66.76,广州,0
20,98,1,1.02,61,62.24,珠海,0
21,97,1,1.03,43,44.33,东莞,0
22,84,0,0.00,36,42.86,佛山,0
23,66,0,0.00,55,83.33,中山,0
24,62,0,0.00,52,83.87,惠州,0
25,25,0,0.00,22,88.00,汕头,0
26,23,0,0.00,11,47.83,江门,0
27,22,0,0.00,14,63.64,湛江,0
28,19,1,5.26,13,68.42,肇庆,0
29,16,0,0.00,12,75.00,梅州,0
30,14,0,0.00,7,50.00,茂名,0
31,14,0,0.00,10,71.43,阳江,0
32,12,0,0.00,12,100.00,清远,0
33,10,0,0.00,7,70.00,韶关,0
34,8,0,0.00,5,62.50,揭阳,0
35,5,0,0.00,4,80.00,汕尾,0
36,5,0,0.00,3,60.00,潮州,0
37,4,0,0.00,4,100.00,河源,0
38,0,0,0.00,0,0.00,地区待确认,0
39,274,3,1.09,28,10.22,信阳,0
40,157,1,0.64,36,22.93,郑州,0
41,156,3,1.92,28,17.95,南阳,0
42,139,0,0.00,25,17.99,驻马店,0
43,91,3,3.30,9,9.89,商丘,0
44,76,0,0.00,16,21.05,周口,0
45,58,1,1.72,13,22.41,平顶山,0
46,57,3,5.26,6,10.53,新乡,0
47,53,0,0.00,10,18.87,安阳,0
48,39,0,0.00,2,5.13,许昌,0
49,35,0,0.00,6,17.14,漯河,0
50,32,1,3.12,1,3.12,焦作,0
51,31,1,3.23,2,6.45,洛阳,0
52,26,0,0.00,1,3.85,开封,0
53,19,0,0.00,3,15.79,鹤壁,0
54,17,0,0.00,1,5.88,濮阳,0
55,7,1,14.29,3,42.86,三门峡,0
56,5,0,0.00,0,0.00,济源示范区,0
57,0,3,0.00,872,0.00,地区待确认,0
58,504,1,0.20,354,70.24,温州,0
59,169,0,0.00,145,85.80,杭州,0
60,157,0,0.00,134,85.35,宁波,0
61,146,0,0.00,101,69.18,台州,0
62,55,0,0.00,43,78.18,金华,0
63,45,0,0.00,32,71.11,嘉兴,0
64,42,0,0.00,31,73.81,绍兴,0
65,36,0,0.00,3,8.33,省十里丰监狱,0
66,17,0,0.00,14,82.35,丽水,0
67,14,0,0.00,11,78.57,衢州,0
68,10,0,0.00,7,70.00,湖州,0
69,10,0,0.00,6,60.00,舟山,0
70,242,2,0.83,164,67.77,长沙,0
71,156,1,0.64,107,68.59,岳阳,0
72,102,1,0.98,90,88.24,邵阳,0
73,82,0,0.00,67,81.71,常德,0
74,80,0,0.00,56,70.00,株洲,0
75,76,0,0.00,58,76.32,娄底,0
76,59,0,0.00,56,94.92,益阳,0
77,48,0,0.00,38,79.17,衡阳,0
78,44,0,0.00,42,95.45,永州,0
79,40,0,0.00,40,100.00,怀化,0
80,39,0,0.00,33,84.62,郴州,0
81,36,0,0.00,29,80.56,湘潭,0
82,8,0,0.00,8,100.00,湘西自治州,0
83,5,0,0.00,5,100.00,张家界,0
84,174,1,0.57,139,79.89,合肥,0
85,160,5,3.12,136,85.00,蚌埠,0
86,155,0,0.00,119,76.77,阜阳,0
87,108,0,0.00,99,91.67,亳州,0
88,83,0,0.00,79,95.18,安庆,0
89,69,0,0.00,53,76.81,六安,0
90,41,0,0.00,33,80.49,宿州,0
91,38,0,0.00,25,65.79,马鞍山,0
92,33,0,0.00,30,90.91,芜湖,0
93,29,0,0.00,26,89.66,铜陵,0
94,27,0,0.00,21,77.78,淮南,0
95,27,0,0.00,22,81.48,淮北,0
96,17,0,0.00,13,76.47,池州,0
97,13,0,0.00,10,76.92,滁州,0
98,9,0,0.00,6,66.67,黄山,0
99,6,0,0.00,4,66.67,宣城,0
100,229,0,0.00,193,84.28,南昌,0
101,130,0,0.00,115,88.46,新余,0
102,123,0,0.00,101,82.11,上饶,0
103,118,0,0.00,80,67.80,九江,0
104,106,0,0.00,95,89.62,宜春,0
105,76,1,1.32,61,80.26,赣州,0
106,72,0,0.00,61,84.72,抚州,0
107,33,0,0.00,20,60.61,萍乡,0
108,22,0,0.00,13,59.09,吉安,0
109,18,0,0.00,11,61.11,鹰潭,0
110,6,0,0.00,3,50.00,景德镇,0
111,1,0,0.00,1,100.00,赣江新区,0
112,258,0,0.00,43,16.67,济宁,0
113,60,1,1.67,42,70.00,青岛,0
114,49,0,0.00,45,91.84,临沂,0
115,47,0,0.00,26,55.32,烟台,0
116,47,0,0.00,25,53.19,济南,0
117,44,0,0.00,24,54.55,潍坊,0
118,38,0,0.00,27,71.05,威海,0
119,38,0,0.00,30,78.95,聊城,0
120,37,2,5.41,15,40.54,德州,0
121,35,2,5.71,23,65.71,泰安,0
122,30,1,3.33,18,60.00,淄博,0
123,24,0,0.00,22,91.67,枣庄,0
124,18,0,0.00,17,94.44,菏泽,0
125,16,0,0.00,12,75.00,日照,0
126,15,0,0.00,12,80.00,滨州,0
127,93,0,0.00,58,62.37,南京,0
128,87,0,0.00,59,67.82,苏州,0
129,79,0,0.00,69,87.34,徐州,0
130,66,0,0.00,50,75.76,淮安,0
131,55,0,0.00,45,81.82,无锡,0
132,51,0,0.00,48,94.12,常州,0
133,48,0,0.00,33,68.75,连云港,0
134,40,0,0.00,37,92.50,南通,0
135,37,0,0.00,32,86.49,泰州,0
136,27,0,0.00,25,92.59,盐城,0
137,23,0,0.00,17,73.91,扬州,0
138,13,0,0.00,11,84.62,宿迁,0
139,12,0,0.00,10,83.33,镇江,0
140,118,4,3.39,79,66.95,万州区,0
141,28,0,0.00,16,57.14,江北区,0
142,25,0,0.00,21,84.00,云阳县,0
143,23,0,0.00,15,65.22,合川区,0
144,23,0,0.00,13,56.52,綦江区,0
145,22,0,0.00,14,63.64,长寿区,0
146,22,0,0.00,13,59.09,奉节县,0
147,21,1,4.76,12,57.14,九龙坡区,0
148,21,0,0.00,18,85.71,忠县,0
149,21,1,4.76,18,85.71,开州区,0
150,20,0,0.00,10,50.00,垫江县,0
151,20,0,0.00,16,80.00,渝中区,0
152,18,0,0.00,7,38.89,潼南区,0
153,17,0,0.00,11,64.71,渝北区,0
154,17,0,0.00,12,70.59,两江新区,0
155,15,0,0.00,11,73.33,石柱县,0
156,15,0,0.00,8,53.33,南岸区,0
157,14,0,0.00,10,71.43,大足区,0
158,14,0,0.00,12,85.71,巫溪县,0
159,10,0,0.00,8,80.00,巫山县,0
160,10,0,0.00,4,40.00,铜梁区,0
161,10,0,0.00,4,40.00,丰都县,0
162,9,0,0.00,6,66.67,荣昌区,0
163,9,0,0.00,3,33.33,沙坪坝区,0
164,9,0,0.00,8,88.89,璧山区,0
165,7,0,0.00,6,85.71,大渡口区,0
166,6,0,0.00,3,50.00,巴南区,0
167,5,0,0.00,2,40.00,涪陵区,0
168,5,0,0.00,5,100.00,永川区,0
169,4,0,0.00,4,100.00,江津区,0
170,4,0,0.00,4,100.00,高新区,0
171,4,0,0.00,4,100.00,梁平区,0
172,2,0,0.00,1,50.00,彭水县,0
173,2,0,0.00,2,100.00,黔江区,0
174,2,0,0.00,2,100.00,城口县,0
175,1,0,0.00,1,100.00,武隆区,0
176,1,0,0.00,0,0.00,万盛经开区,0
177,1,0,0.00,0,0.00,酉阳县,0
178,1,0,0.00,1,100.00,秀山县,0
179,143,3,2.10,83,58.04,成都,0
180,74,0,0.00,18,24.32,甘孜,0
181,42,0,0.00,20,47.62,达州,0
182,39,0,0.00,23,58.97,南充,0
183,30,0,0.00,20,66.67,广安,0
184,24,0,0.00,11,45.83,巴中,0
185,24,0,0.00,17,70.83,泸州,0
186,22,0,0.00,15,68.18,内江,0
187,22,0,0.00,14,63.64,绵阳,0
188,18,0,0.00,9,50.00,德阳,0
189,17,0,0.00,13,76.47,遂宁,0
190,16,0,0.00,16,100.00,攀枝花,0
191,13,0,0.00,9,69.23,凉山,0
192,12,0,0.00,10,83.33,宜宾,0
193,9,0,0.00,8,88.89,自贡,0
194,8,0,0.00,6,75.00,眉山,0
195,7,0,0.00,6,85.71,雅安,0
196,6,0,0.00,6,100.00,广元,0
197,4,0,0.00,2,50.00,资阳,0
198,3,0,0.00,3,100.00,乐山,0
199,1,0,0.00,1,100.00,阿坝,0
200,198,4,2.02,78,39.39,哈尔滨,0
201,52,3,5.77,29,55.77,双鸭山,0
202,47,4,8.51,35,74.47,绥化,0
203,46,0,0.00,27,58.70,鸡西,0
204,43,1,2.33,28,65.12,齐齐哈尔,0
205,26,1,3.85,14,53.85,大庆,0
206,17,0,0.00,12,70.59,七台河,0
207,15,0,0.00,15,100.00,佳木斯,0
208,14,0,0.00,9,64.29,牡丹江,0
209,14,0,0.00,9,64.29,黑河,0
210,5,0,0.00,4,80.00,鹤岗,0
211,2,0,0.00,2,100.00,大兴安岭,0
212,1,0,0.00,0,0.00,伊春,0
213,70,0,0.00,0,0.00,朝阳,0
214,62,0,0.00,0,0.00,海淀,0
215,53,0,0.00,0,0.00,西城,0
216,42,0,0.00,0,0.00,丰台,0
217,39,0,0.00,0,0.00,大兴,0
218,29,0,0.00,0,0.00,昌平,0
219,25,0,0.00,0,0.00,外地来京,0
220,19,0,0.00,0,0.00,通州,0
221,16,0,0.00,0,0.00,房山,0
222,14,0,0.00,0,0.00,石景山,0
223,13,0,0.00,0,0.00,东城,0
224,10,0,0.00,0,0.00,顺义,0
225,7,0,0.00,0,0.00,密云,0
226,7,0,0.00,0,0.00,怀柔,0
227,3,0,0.00,0,0.00,门头沟,0
228,1,0,0.00,0,0.00,延庆,0
229,0,5,0.00,248,0.00,地区待确认,0
230,111,0,0.00,91,81.98,外地来沪,0
231,60,0,0.00,51,85.00,浦东,0
232,21,0,0.00,13,61.90,宝山,0
233,19,0,0.00,17,89.47,闵行,0
234,18,0,0.00,15,83.33,徐汇,0
235,16,0,0.00,13,81.25,静安,0
236,14,0,0.00,11,78.57,松江,0
237,13,0,0.00,13,100.00,长宁,0
238,11,0,0.00,9,81.82,普陀,0
239,9,0,0.00,8,88.89,奉贤,0
240,9,0,0.00,8,88.89,杨浦,0
241,9,0,0.00,6,66.67,嘉定,0
242,7,0,0.00,6,85.71,虹口,0
243,6,0,0.00,4,66.67,黄浦,0
244,6,0,0.00,5,83.33,青浦,0
245,4,0,0.00,3,75.00,金山,0
246,4,0,0.00,3,75.00,崇明,0
247,0,3,0.00,0,0.00,地区待确认,0
248,58,1,1.72,36,62.07,唐山,0
249,48,3,6.25,35,72.92,沧州,0
250,40,0,0.00,32,80.00,张家口,0
251,32,0,0.00,32,100.00,保定,0
252,32,0,0.00,29,90.62,邯郸,0
253,30,0,0.00,30,100.00,廊坊,0
254,29,0,0.00,22,75.86,石家庄,0
255,23,1,4.35,22,95.65,邢台,0
256,10,1,10.00,8,80.00,秦皇岛,0
257,8,0,0.00,8,100.00,衡水,0
258,7,0,0.00,7,100.00,承德,0
259,72,1,1.39,65,90.28,福州,0
260,56,0,0.00,35,62.50,莆田,0
261,47,0,0.00,29,61.70,泉州,0
262,35,0,0.00,30,85.71,厦门,0
263,26,0,0.00,23,88.46,宁德,0
264,20,0,0.00,15,75.00,漳州,0
265,20,0,0.00,12,60.00,南平,0
266,14,0,0.00,8,57.14,三明,0
267,6,0,0.00,6,100.00,龙岩,0
268,0,0,0.00,2,0.00,地区待确认,0
269,55,0,0.00,42,76.36,南宁,0
270,44,1,2.27,29,65.91,北海,0
271,32,0,0.00,24,75.00,桂林,0
272,28,1,3.57,8,28.57,河池,0
273,24,0,0.00,15,62.50,柳州,0
274,19,0,0.00,8,42.11,防城港,0
275,11,0,0.00,2,18.18,来宾,0
276,11,0,0.00,7,63.64,玉林,0
277,8,0,0.00,5,62.50,贵港,0
278,8,0,0.00,7,87.50,钦州,0
279,5,0,0.00,5,100.00,梧州,0
280,4,0,0.00,4,100.00,贺州,0
281,3,0,0.00,3,100.00,百色,0
282,0,0,0.00,0,0.00,崇左,0
283,120,1,0.83,0,0.00,西安,0
284,26,0,0.00,0,0.00,安康,0
285,26,0,0.00,0,0.00,汉中,0
286,17,0,0.00,0,0.00,咸阳,0
287,15,0,0.00,0,0.00,渭南,0
288,13,0,0.00,0,0.00,宝鸡,0
289,8,0,0.00,0,0.00,延安,0
290,8,0,0.00,0,0.00,铜川,0
291,7,0,0.00,0,0.00,商洛,0
292,3,0,0.00,0,0.00,榆林,0
293,1,0,0.00,0,0.00,韩城,0
294,1,0,0.00,0,0.00,杨凌,0
295,0,0,0.00,194,0.00,地区待确认,0
296,53,0,0.00,48,90.57,昆明,0
297,25,0,0.00,15,60.00,昭通市,0
298,15,1,6.67,14,93.33,西双版纳州,0
299,14,1,7.14,12,85.71,玉溪,0
300,13,0,0.00,12,92.31,曲靖,0
301,13,0,0.00,12,92.31,大理,0
302,9,0,0.00,8,88.89,保山市,0
303,9,0,0.00,7,77.78,红河,0
304,7,0,0.00,7,100.00,丽江市,0
305,5,0,0.00,4,80.00,德宏州,0
306,4,0,0.00,4,100.00,普洱,0
307,4,0,0.00,4,100.00,楚雄州,0
308,2,0,0.00,2,100.00,文山州,0
309,1,0,0.00,1,100.00,临沧,0
310,54,1,1.85,43,79.63,三亚,0
311,39,0,0.00,29,74.36,海口,0
312,15,1,6.67,12,80.00,儋州,0
313,13,0,0.00,11,84.62,万宁,0
314,9,1,11.11,6,66.67,澄迈县,0
315,7,0,0.00,3,42.86,昌江县,0
316,6,0,0.00,6,100.00,临高县,0
317,6,1,16.67,4,66.67,琼海,0
318,4,0,0.00,4,100.00,陵水县,0
319,3,0,0.00,3,100.00,文昌,0
320,3,1,33.33,2,66.67,定安县,0
321,3,0,0.00,1,33.33,保亭,0
322,3,0,0.00,2,66.67,东方,0
323,2,0,0.00,2,100.00,乐东,0
324,1,0,0.00,1,100.00,琼中县,0
325,36,1,2.78,27,75.00,贵阳,0
326,32,0,0.00,19,59.38,遵义,0
327,23,0,0.00,15,65.22,毕节,0
328,17,0,0.00,15,88.24,黔南州,0
329,10,0,0.00,10,100.00,铜仁,0
330,10,0,0.00,10,100.00,黔东南州,0
331,10,1,10.00,8,80.00,六盘水,0
332,4,0,0.00,4,100.00,安顺,0
333,4,0,0.00,4,100.00,黔西南州,0
334,60,0,0.00,39,65.00,宝坻区,0
335,15,0,0.00,11,73.33,河东区,0
336,12,0,0.00,10,83.33,河北区,0
337,6,0,0.00,2,33.33,南开区,0
338,6,0,0.00,5,83.33,外地来津,0
339,6,0,0.00,3,50.00,北辰区,0
340,6,0,0.00,5,83.33,和平区,0
341,4,0,0.00,4,100.00,河西区,0
342,4,0,0.00,4,100.00,东丽区,0
343,4,0,0.00,1,25.00,宁河区,0
344,4,0,0.00,4,100.00,西青区,0
345,3,0,0.00,3,100.00,滨海新区,0
346,2,0,0.00,2,100.00,武清区,0
347,2,0,0.00,2,100.00,红桥区,0
348,1,0,0.00,1,100.00,津南区,0
349,0,3,0.00,0,0.00,地区待确认,0
350,37,0,0.00,25,67.57,晋中,0
351,20,0,0.00,16,80.00,太原,0
352,19,0,0.00,18,94.74,运城,0
353,12,0,0.00,8,66.67,大同,0
354,10,0,0.00,7,70.00,晋城,0
355,8,0,0.00,7,87.50,长治,0
356,8,0,0.00,6,75.00,朔州,0
357,7,0,0.00,5,71.43,忻州,0
358,6,0,0.00,6,100.00,吕梁,0
359,4,0,0.00,4,100.00,阳泉,0
360,2,0,0.00,2,100.00,临汾,0
361,28,0,0.00,23,82.14,沈阳,0
362,19,0,0.00,12,63.16,大连,0
363,12,1,8.33,6,50.00,葫芦岛,0
364,12,0,0.00,11,91.67,锦州,0
365,11,0,0.00,10,90.91,盘锦,0
366,8,0,0.00,8,100.00,阜新,0
367,7,0,0.00,6,85.71,丹东,0
368,7,0,0.00,5,71.43,铁岭,0
369,6,0,0.00,3,50.00,朝阳市,0
370,4,0,0.00,1,25.00,鞍山,0
371,3,0,0.00,3,100.00,本溪,0
372,3,0,0.00,3,100.00,辽阳,0
373,1,0,0.00,1,100.00,营口,0
374,45,0,0.00,33,73.33,长春,0
375,15,1,6.67,11,73.33,四平,0
376,7,0,0.00,2,28.57,辽源,0
377,6,0,0.00,4,66.67,公主岭,0
378,6,0,0.00,2,33.33,通化,0
379,5,0,0.00,5,100.00,延边,0
380,5,0,0.00,5,100.00,吉林,0
381,2,0,0.00,2,100.00,松原,0
382,1,0,0.00,1,100.00,梅河口市,0
383,1,0,0.00,0,0.00,白城,0
384,91,2,2.20,24,26.37,地区待确认,0
385,36,2,5.56,31,86.11,兰州,0
386,12,0,0.00,12,100.00,天水,0
387,9,0,0.00,8,88.89,定西,0
388,9,0,0.00,6,66.67,平凉,0
389,8,0,0.00,8,100.00,甘南州,0
390,4,0,0.00,4,100.00,陇南,0
391,4,0,0.00,3,75.00,白银,0
392,3,0,0.00,2,66.67,庆阳,0
393,3,0,0.00,3,100.00,临夏,0
394,2,0,0.00,2,100.00,张掖,0
395,1,0,0.00,1,100.00,金昌,0
396,0,0,0.00,1,0.00,地区待确认,0
397,23,0,0.00,13,56.52,乌鲁木齐,0
398,18,0,0.00,8,44.44,伊犁州,0
399,10,0,0.00,1,10.00,兵团第四师,0
400,4,1,25.00,1,25.00,第八师石河子,0
401,4,1,25.00,1,25.00,兵团第九师,0
402,4,0,0.00,3,75.00,昌吉州,0
403,3,0,0.00,1,33.33,兵团第十二师,0
404,3,0,0.00,3,100.00,巴州,0
405,3,0,0.00,1,33.33,吐鲁番,0
406,2,0,0.00,0,0.00,六师五家渠,0
407,1,0,0.00,1,100.00,第七师,0
408,1,0,0.00,1,100.00,阿克苏,0
409,11,0,0.00,5,45.45,包头,0
410,11,0,0.00,9,81.82,鄂尔多斯,0
411,9,0,0.00,5,55.56,赤峰,0
412,9,0,0.00,2,22.22,锡林郭勒,0
413,8,0,0.00,6,75.00,巴彦淖尔,0
414,7,0,0.00,4,57.14,呼伦贝尔,0
415,7,0,0.00,2,28.57,通辽,0
416,7,0,0.00,2,28.57,呼和浩特,0
417,3,0,0.00,2,66.67,乌兰察布,0
418,2,0,0.00,1,50.00,乌海,0
419,1,0,0.00,0,0.00,兴安盟乌兰浩特,0
420,33,0,0.00,30,90.91,银川,0
421,28,0,0.00,25,89.29,吴忠,0
422,5,0,0.00,5,100.00,固原,0
423,4,0,0.00,3,75.00,中卫,0
424,1,0,0.00,1,100.00,石嘴山,0
425,1,0,0.00,1,100.00,宁东管委会,0
426,32,1,3.12,5,15.62,地区待确认,0
427,15,0,0.00,15,100.00,西宁,0
428,3,0,0.00,3,100.00,海北州,0
429,10,0,0.00,7,70.00,地区待确认,0
430,1,0,0.00,1,100.00,地区待确认,0
